,id,message,created_at,yell_type,yell,user,to_user,chat_setting,is_moderating,is_deleted,has_banned_word,is_muted,chat_id,badges,id,name,image_url,image_url_small,animation_url,points,yells,ticker_seconds,channel,id,registered_user_id,openrec_user_id,recxuser_id,nickname,introduction,icon_image_url,l_icon_image_url,cover_image_url,l_cover_image_url,follows,followers,is_premium,is_official,is_fresh,is_warned,is_team,is_league_yell,is_live,is_stats_hidden,live_views,is_viewers_hidden,registered_at,last_updated_at,signed_in_with_facebook,signed_in_with_twitter,signed_in_with_google,signed_in_with_yahoo,signed_in_with_apple,user_status,is_creator,premium_start_at,premium_charge_type,premium_payment_status,has_ppv_permission,has_active_email_token,email,pending_email,twitter_screen_name,hidden_channels,has_confirmed_email,is_approved_account,blacklist_count,blacklist_limit,movie_id
0,613077,お疲れ様です！ 次のサムネ制作は6月にですね了解です,2021-05-18T05:11:41+09:00,channel,"{'id': 299, 'name': 'FES01', 'image_url': 'https://dqd0jw5gvbchn.cloudfront.net/yell/299/e40290c7cec606f0f867813e7a224bad976e2fac.gif', 'image_url_small': '', 'animation_url': '', 'points': 200, 'yells': 160, 'ticker_seconds': 15, 'channel': None}","{'id': 'shou0419', 'registered_user_id': True, 'openrec_user_id': 2105516, 'recxuser_id': 481811987, 'nickname': 'しょう(モルモット)', 'introduction': '', 'icon_image_url': 'https://hayabusa.io/openrec-image/user/4818120/481811987.w90.ttl3600.v1623711991.png?format=png', 'l_icon_image_url': 'https://hayabusa.io/openrec-image/user/4818120/481811987.w320.ttl3600.v1623711991.png?format=png', 'cover_image_url': 'https://hayabusa.io/openrec-image/user_background/4818120/481811987_cover.w210.ttl3600.v1566279468.png?format=png', 'l_cover_image_url': 'https://dqd0jw5gvbchn.cloudfront.net/user_background/4818120/481811987_cover.png?1566279468', 'follows': 1, 'followers': 0, 'is_premium': False, 'is_official': False, 'is_fresh': False, 'is_warned': False, 'is_team': False, 'is_league_yell': False, 'is_live': False, 'is_stats_hidden': False, 'live_views': 0, 'is_viewers_hidden': True, 'registered_at': '2019-07-09T01:15:12+09:00', 'last_updated_at': None, 'signed_in_with_facebook': None, 'signed_in_with_twitter': None, 'signed_in_with_google': None, 'signed_in_with_yahoo': None, 'signed_in_with_apple': None, 'user_status': 'publish', 'is_creator': False, 'premium_start_at': None, 'premium_charge_type': None, 'premium_payment_status': None, 'has_ppv_permission': None, 'has_active_email_token': None, 'email': None, 'pending_email': None, 'twitter_screen_name': None, 'hidden_channels': None, 'has_confirmed_email': True, 'is_approved_account': True, 'blacklist_count': None, 'blacklist_limit': None}","{'id': 'sagara_mayu', 'registered_user_id': True, 'openrec_user_id': 3758330, 'recxuser_id': 823666191, 'nickname': '相良茉優のFUN！FAN！FACTORY', 'introduction': '毎週月曜日配信の相良茉優がファンと一緒に楽しいことを作っていく番組です！\n\n番組推奨ハッシュタグ「#さがらFFF」\n是非ハッシュタグを付けて番組や相良茉優について呟いてください！\n\n「Discord」にてサブスク限定コミュニティも運営中！\n以下より連携方法をご確認ください。\nhttps://openrecnext.amebaownd.com/posts/11101764\n\n▼サブスク特典\nA席\n①メンバー限定放送・アーカイブ見放題\n②(入会初月のみ)翌月10日頃にOPENRECポイント300Pt付与\n③お誕生日月にお名前入り写真プレゼント(集合)※Discordにて前月中に申し込みの必要あり\n\nS席\n①メンバー限定放送・アーカイブ見放題\n②S席・SS席限定オフショット写真プレゼント\n③限定サイン入りチェキを抽選でプレゼント\n④(入会初月のみ)翌月10日頃にOPENRECポイント500Pt付与\n⑤お誕生日月にお名前入り写真プレゼント(個別)※Discordにて前月中に申し込みの必要あり\n\nSS席\n①メンバー限定配信・アーカイブ見放題\n②オフショット写真プレゼント\n③限定サイン入りチェキを抽選でプレゼント\n④視聴者参加型企画参加権利(抽選)\n⑤オフショット動画見放題\n⑥S席・SS席限定オフショット\n⑦(入会初月のみ)翌月10日頃にOPENRECポイント800Pt付与\n⑧お誕生日月にお名前をお呼びしたお祝い動画をプレゼント！\n\u3000(※Discordにて前月までに申し込みの必要あり)\n\n■相良茉優プロフィール\n京都府出身。4月17日生まれ。Digital Double所属。\n「アイドルメモリーズ」梶原未来で初めてのメインキャラを演じ、声優として活動を始める。\n2017年「ラブライブ！虹ヶ咲学園スクールアイドル同好会」で中須かすみに抜擢され、\n同作品のスクールアイドルとして現在放送中のアニメやゲーム・ライブで活動中。\n他にも、アプリ「ひぐらしのなく頃に命」(公由一穂)、アプリ「マギアレコード 魔法少女まどか☆マギカ外伝」(広江ちはる)等、多数作品に出演。2020年春に短編映画「時々は、眠れない夜に」に初めて実写での出演を果たした。\n', 'icon_image_url': 'https://hayabusa.io/openrec-image/user/8236662/823666191_202010211143.w90.ttl3600.png?format=png', 'l_icon_image_url': 'https://hayabusa.io/openrec-image/user/8236662/823666191_202010211143.w320.ttl3600.png?format=png', 'cover_image_url': 'https://hayabusa.io/openrec-image/user_background/8236662/823666191_202010211143.w210.ttl3600.png?format=png', 'l_cover_image_url': 'https://dqd0jw5gvbchn.cloudfront.net/user_background/8236662/823666191_202010211143.png', 'follows': 2, 'followers': 3677, 'is_premium': True, 'is_official': True, 'is_fresh': False, 'is_warned': False, 'is_team': False, 'is_league_yell': False, 'is_live': False, 'is_stats_hidden': False, 'live_views': 0, 'is_viewers_hidden': True, 'registered_at': '2020-10-19T20:34:04+09:00', 'last_updated_at': '2021-11-13T20:00:01+09:00', 'signed_in_with_facebook': None, 'signed_in_with_twitter': None, 'signed_in_with_google': None, 'signed_in_with_yahoo': None, 'signed_in_with_apple': None, 'user_status': 'special', 'is_creator': True, 'premium_start_at': None, 'premium_charge_type': None, 'premium_payment_status': None, 'has_ppv_permission': None, 'has_active_email_token': None, 'email': None, 'pending_email': None, 'twitter_screen_name': None, 'hidden_channels': None, 'has_confirmed_email': True, 'is_approved_account': True, 'blacklist_count': None, 'blacklist_limit': None}","{'name_color': '#B6FF59', 'is_premium_hidden': False, 'is_official_hidden': False, 'is_subs_badge_hidden': False, 'is_subs_duration_hidden': False}",False,False,False,False,461939163,"[{'id': 1574, 'image_url': 'https://dqd0jw5gvbchn.cloudfront.net/badge/subscription/template/a9c440f7-c013-36a3-4484-3e412f520cc7.png', 'label': 'SS席', 'type': 'subscription', 'subscription': {'months': 12, 'tier': 2}}]",299,FES01,https://dqd0jw5gvbchn.cloudfront.net/yell/299/e40290c7cec606f0f867813e7a224bad976e2fac.gif,,,200,160,15,,shou0419,True,2105516,481811987,しょう(モルモット),,https://hayabusa.io/openrec-image/user/4818120/481811987.w90.ttl3600.v1623711991.png?format=png,https://hayabusa.io/openrec-image/user/4818120/481811987.w320.ttl3600.v1623711991.png?format=png,https://hayabusa.io/openrec-image/user_background/4818120/481811987_cover.w210.ttl3600.v1566279468.png?format=png,https://dqd0jw5gvbchn.cloudfront.net/user_background/4818120/481811987_cover.png?1566279468,1,0,False,False,False,False,False,False,False,False,0,True,2019-07-09T01:15:12+09:00,,,,,,,publish,False,,,,,,,,,,True,True,,,1o8qe5j1g8k
1,613076,おはようございます！！,2021-05-18T05:11:10+09:00,channel,"{'id': 299, 'name': 'FES01', 'image_url': 'https://dqd0jw5gvbchn.cloudfront.net/yell/299/e40290c7cec606f0f867813e7a224bad976e2fac.gif', 'image_url_small': '', 'animation_url': '', 'points': 200, 'yells': 160, 'ticker_seconds': 15, 'channel': None}","{'id': 'debu2469', 'registered_user_id': True, 'openrec_user_id': 4005306, 'recxuser_id': 893802019, 'nickname': 'GODデブ', 'introduction': '', 'icon_image_url': '', 'l_icon_image_url': '', 'cover_image_url': '', 'l_cover_image_url': '', 'follows': 2, 'followers': 0, 'is_premium': False, 'is_official': False, 'is_fresh': False, 'is_warned': False, 'is_team': False, 'is_league_yell': False, 'is_live': False, 'is_stats_hidden': False, 'live_views': 0, 'is_viewers_hidden': True, 'registered_at': '2021-01-28T19:56:05+09:00', 'last_updated_at': None, 'signed_in_with_facebook': None, 'signed_in_with_twitter': None, 'signed_in_with_google': None, 'signed_in_with_yahoo': None, 'signed_in_with_apple': None, 'user_status': 'bang', 'is_creator': False, 'premium_start_at': None, 'premium_charge_type': None, 'premium_payment_status': None, 'has_ppv_permission': None, 'has_active_email_token': None, 'email': None, 'pending_email': None, 'twitter_screen_name': None, 'hidden_channels': None, 'has_confirmed_email': True, 'is_approved_account': True, 'blacklist_count': None, 'blacklist_limit': None}","{'id': 'sagara_mayu', 'registered_user_id': True, 'openrec_user_id': 3758330, 'recxuser_id': 823666191, 'nickname': '相良茉優のFUN！FAN！FACTORY', 'introduction': '毎週月曜日配信の相良茉優がファンと一緒に楽しいことを作っていく番組です！\n\n番組推奨ハッシュタグ「#さがらFFF」\n是非ハッシュタグを付けて番組や相良茉優について呟いてください！\n\n「Discord」にてサブスク限定コミュニティも運営中！\n以下より連携方法をご確認ください。\nhttps://openrecnext.amebaownd.com/posts/11101764\n\n▼サブスク特典\nA席\n①メンバー限定放送・アーカイブ見放題\n②(入会初月のみ)翌月10日頃にOPENRECポイント300Pt付与\n③お誕生日月にお名前入り写真プレゼント(集合)※Discordにて前月中に申し込みの必要あり\n\nS席\n①メンバー限定放送・アーカイブ見放題\n②S席・SS席限定オフショット写真プレゼント\n③限定サイン入りチェキを抽選でプレゼント\n④(入会初月のみ)翌月10日頃にOPENRECポイント500Pt付与\n⑤お誕生日月にお名前入り写真プレゼント(個別)※Discordにて前月中に申し込みの必要あり\n\nSS席\n①メンバー限定配信・アーカイブ見放題\n②オフショット写真プレゼント\n③限定サイン入りチェキを抽選でプレゼント\n④視聴者参加型企画参加権利(抽選)\n⑤オフショット動画見放題\n⑥S席・SS席限定オフショット\n⑦(入会初月のみ)翌月10日頃にOPENRECポイント800Pt付与\n⑧お誕生日月にお名前をお呼びしたお祝い動画をプレゼント！\n\u3000(※Discordにて前月までに申し込みの必要あり)\n\n■相良茉優プロフィール\n京都府出身。4月17日生まれ。Digital Double所属。\n「アイドルメモリーズ」梶原未来で初めてのメインキャラを演じ、声優として活動を始める。\n2017年「ラブライブ！虹ヶ咲学園スクールアイドル同好会」で中須かすみに抜擢され、\n同作品のスクールアイドルとして現在放送中のアニメやゲーム・ライブで活動中。\n他にも、アプリ「ひぐらしのなく頃に命」(公由一穂)、アプリ「マギアレコード 魔法少女まどか☆マギカ外伝」(広江ちはる)等、多数作品に出演。2020年春に短編映画「時々は、眠れない夜に」に初めて実写での出演を果たした。\n', 'icon_image_url': 'https://hayabusa.io/openrec-image/user/8236662/823666191_202010211143.w90.ttl3600.png?format=png', 'l_icon_image_url': 'https://hayabusa.io/openrec-image/user/8236662/823666191_202010211143.w320.ttl3600.png?format=png', 'cover_image_url': 'https://hayabusa.io/openrec-image/user_background/8236662/823666191_202010211143.w210.ttl3600.png?format=png', 'l_cover_image_url': 'https://dqd0jw5gvbchn.cloudfront.net/user_background/8236662/823666191_202010211143.png', 'follows': 2, 'followers': 3677, 'is_premium': True, 'is_official': True, 'is_fresh': False, 'is_warned': False, 'is_team': False, 'is_league_yell': False, 'is_live': False, 'is_stats_hidden': False, 'live_views': 0, 'is_viewers_hidden': True, 'registered_at': '2020-10-19T20:34:04+09:00', 'last_updated_at': '2021-11-13T20:00:01+09:00', 'signed_in_with_facebook': None, 'signed_in_with_twitter': None, 'signed_in_with_google': None, 'signed_in_with_yahoo': None, 'signed_in_with_apple': None, 'user_status': 'special', 'is_creator': True, 'premium_start_at': None, 'premium_charge_type': None, 'premium_payment_status': None, 'has_ppv_permission': None, 'has_active_email_token': None, 'email': None, 'pending_email': None, 'twitter_screen_name': None, 'hidden_channels': None, 'has_confirmed_email': True, 'is_approved_account': True, 'blacklist_count': None, 'blacklist_limit': None}","{'name_color': '#2468DF', 'is_premium_hidden': False, 'is_official_hidden': False, 'is_subs_badge_hidden': False, 'is_subs_duration_hidden': False}",False,False,False,False,461939111,"[{'id': 1574, 'image_url': 'https://dqd0jw5gvbchn.cloudfront.net/badge/subscription/template/a9c440f7-c013-36a3-4484-3e412f520cc7.png', 'label': 'SS席', 'type': 'subscription', 'subscription': {'months': 10, 'tier': 2}}]",299,FES01,https://dqd0jw5gvbchn.cloudfront.net/yell/299/e40290c7cec606f0f867813e7a224bad976e2fac.gif,,,200,160,15,,debu2469,True,4005306,893802019,GODデブ,,,,,,2,0,False,False,False,False,False,False,False,False,0,True,2021-01-28T19:56:05+09:00,,,,,,,bang,False,,,,,,,,,,True,True,,,1o8qe5j1g8k
2,613075,今日も朝までお疲れ様でしたー,2021-05-18T05:10:24+09:00,channel,"{'id': 299, 'name': 'FES01', 'image_url': 'https://dqd0jw5gvbchn.cloudfront.net/yell/299/e40290c7cec606f0f867813e7a224bad976e2fac.gif', 'image_url_small': '', 'animation_url': '', 'points': 200, 'yells': 160, 'ticker_seconds': 15, 'channel': None}","{'id': 'toretama', 'registered_user_id': True, 'openrec_user_id': 3550922, 'recxuser_id': 784402210, 'nickname': 'すぎまる', 'introduction': '', 'icon_image_url': '', 'l_icon_image_url': '', 'cover_image_url': '', 'l_cover_image_url': '', 'follows': 2, 'followers': 0, 'is_premium': False, 'is_official': False, 'is_fresh': False, 'is_warned': False, 'is_team': False, 'is_league_yell': False, 'is_live': False, 'is_stats_hidden': False, 'live_views': 0, 'is_viewers_hidden': True, 'registered_at': '2020-08-23T20:29:27+09:00', 'last_updated_at': None, 'signed_in_with_facebook': None, 'signed_in_with_twitter': None, 'signed_in_with_google': None, 'signed_in_with_yahoo': None, 'signed_in_with_apple': None, 'user_status': 'bang', 'is_creator': False, 'premium_start_at': None, 'premium_charge_type': None, 'premium_payment_status': None, 'has_ppv_permission': None, 'has_active_email_token': None, 'email': None, 'pending_email': None, 'twitter_screen_name': None, 'hidden_channels': None, 'has_confirmed_email': True, 'is_approved_account': True, 'blacklist_count': None, 'blacklist_limit': None}","{'id': 'sagara_mayu', 'registered_user_id': True, 'openrec_user_id': 3758330, 'recxuser_id': 823666191, 'nickname': '相良茉優のFUN！FAN！FACTORY', 'introduction': '毎週月曜日配信の相良茉優がファンと一緒に楽しいことを作っていく番組です！\n\n番組推奨ハッシュタグ「#さがらFFF」\n是非ハッシュタグを付けて番組や相良茉優について呟いてください！\n\n「Discord」にてサブスク限定コミュニティも運営中！\n以下より連携方法をご確認ください。\nhttps://openrecnext.amebaownd.com/posts/11101764\n\n▼サブスク特典\nA席\n①メンバー限定放送・アーカイブ見放題\n②(入会初月のみ)翌月10日頃にOPENRECポイント300Pt付与\n③お誕生日月にお名前入り写真プレゼント(集合)※Discordにて前月中に申し込みの必要あり\n\nS席\n①メンバー限定放送・アーカイブ見放題\n②S席・SS席限定オフショット写真プレゼント\n③限定サイン入りチェキを抽選でプレゼント\n④(入会初月のみ)翌月10日頃にOPENRECポイント500Pt付与\n⑤お誕生日月にお名前入り写真プレゼント(個別)※Discordにて前月中に申し込みの必要あり\n\nSS席\n①メンバー限定配信・アーカイブ見放題\n②オフショット写真プレゼント\n③限定サイン入りチェキを抽選でプレゼント\n④視聴者参加型企画参加権利(抽選)\n⑤オフショット動画見放題\n⑥S席・SS席限定オフショット\n⑦(入会初月のみ)翌月10日頃にOPENRECポイント800Pt付与\n⑧お誕生日月にお名前をお呼びしたお祝い動画をプレゼント！\n\u3000(※Discordにて前月までに申し込みの必要あり)\n\n■相良茉優プロフィール\n京都府出身。4月17日生まれ。Digital Double所属。\n「アイドルメモリーズ」梶原未来で初めてのメインキャラを演じ、声優として活動を始める。\n2017年「ラブライブ！虹ヶ咲学園スクールアイドル同好会」で中須かすみに抜擢され、\n同作品のスクールアイドルとして現在放送中のアニメやゲーム・ライブで活動中。\n他にも、アプリ「ひぐらしのなく頃に命」(公由一穂)、アプリ「マギアレコード 魔法少女まどか☆マギカ外伝」(広江ちはる)等、多数作品に出演。2020年春に短編映画「時々は、眠れない夜に」に初めて実写での出演を果たした。\n', 'icon_image_url': 'https://hayabusa.io/openrec-image/user/8236662/823666191_202010211143.w90.ttl3600.png?format=png', 'l_icon_image_url': 'https://hayabusa.io/openrec-image/user/8236662/823666191_202010211143.w320.ttl3600.png?format=png', 'cover_image_url': 'https://hayabusa.io/openrec-image/user_background/8236662/823666191_202010211143.w210.ttl3600.png?format=png', 'l_cover_image_url': 'https://dqd0jw5gvbchn.cloudfront.net/user_background/8236662/823666191_202010211143.png', 'follows': 2, 'followers': 3677, 'is_premium': True, 'is_official': True, 'is_fresh': False, 'is_warned': False, 'is_team': False, 'is_league_yell': False, 'is_live': False, 'is_stats_hidden': False, 'live_views': 0, 'is_viewers_hidden': True, 'registered_at': '2020-10-19T20:34:04+09:00', 'last_updated_at': '2021-11-13T20:00:01+09:00', 'signed_in_with_facebook': None, 'signed_in_with_twitter': None, 'signed_in_with_google': None, 'signed_in_with_yahoo': None, 'signed_in_with_apple': None, 'user_status': 'special', 'is_creator': True, 'premium_start_at': None, 'premium_charge_type': None, 'premium_payment_status': None, 'has_ppv_permission': None, 'has_active_email_token': None, 'email': None, 'pending_email': None, 'twitter_screen_name': None, 'hidden_channels': None, 'has_confirmed_email': True, 'is_approved_account': True, 'blacklist_count': None, 'blacklist_limit': None}","{'name_color': '#F75D52', 'is_premium_hidden': False, 'is_official_hidden': False, 'is_subs_badge_hidden': False, 'is_subs_duration_hidden': False}",False,False,False,False,461939059,"[{'id': 1574, 'image_url': 'https://dqd0jw5gvbchn.cloudfront.net/badge/subscription/template/a9c440f7-c013-36a3-4484-3e412f520cc7.png', 'label': 'SS席', 'type': 'subscription', 'subscription': {'months': 9, 'tier': 2}}]",299,FES01,https://dqd0jw5gvbchn.cloudfront.net/yell/299/e40290c7cec606f0f867813e7a224bad976e2fac.gif,,,200,160,15,,toretama,True,3550922,784402210,すぎまる,,,,,,2,0,False,False,False,False,False,False,False,False,0,True,2020-08-23T20:29:27+09:00,,,,,,,bang,False,,,,,,,,,,True,True,,,1o8qe5j1g8k
3,613074,色々聞けて楽しかったです,2021-05-18T05:09:52+09:00,channel,"{'id': 21, 'name': '240', 'image_url': 'https://dqd0jw5gvbchn.cloudfront.net/yell/21/4672e33ca0c66f2e0f74e7cbc210b4389b2a1ed6.png', 'image_url_small': '', 'animation_url': '', 'points': 300, 'yells': 240, 'ticker_seconds': 15, 'channel': None}","{'id': 'yuzusiba81', 'registered_user_id': True, 'openrec_user_id': 1412158, 'recxuser_id': 228901144, 'nickname': 'きつね', 'introduction': '北の国から', 'icon_image_url': 'https://hayabusa.io/openrec-image/user/2289012/228901144.w90.ttl3600.v1632753369.png?format=png', 'l_icon_image_url': 'https://hayabusa.io/openrec-image/user/2289012/228901144.w320.ttl3600.v1632753369.png?format=png', 'cover_image_url': 'https://hayabusa.io/openrec-image/user_background/2289012/228901144_cover.w210.ttl3600.v1604311574.png?format=png', 'l_cover_image_url': 'https://dqd0jw5gvbchn.cloudfront.net/user_background/2289012/228901144_cover.png?1604311574', 'follows': 1, 'followers': 0, 'is_premium': False, 'is_official': False, 'is_fresh': False, 'is_warned': False, 'is_team': False, 'is_league_yell': False, 'is_live': False, 'is_stats_hidden': False, 'live_views': 0, 'is_viewers_hidden': True, 'registered_at': '2018-05-15T20:50:07+09:00', 'last_updated_at': None, 'signed_in_with_facebook': None, 'signed_in_with_twitter': None, 'signed_in_with_google': None, 'signed_in_with_yahoo': None, 'signed_in_with_apple': None, 'user_status': 'bang', 'is_creator': False, 'premium_start_at': None, 'premium_charge_type': None, 'premium_payment_status': None, 'has_ppv_permission': None, 'has_active_email_token': None, 'email': None, 'pending_email': None, 'twitter_screen_name': None, 'hidden_channels': None, 'has_confirmed_email': True, 'is_approved_account': True, 'blacklist_count': None, 'blacklist_limit': None}","{'id': 'sagara_mayu', 'registered_user_id': True, 'openrec_user_id': 3758330, 'recxuser_id': 823666191, 'nickname': '相良茉優のFUN！FAN！FACTORY', 'introduction': '毎週月曜日配信の相良茉優がファンと一緒に楽しいことを作っていく番組です！\n\n番組推奨ハッシュタグ「#さがらFFF」\n是非ハッシュタグを付けて番組や相良茉優について呟いてください！\n\n「Discord」にてサブスク限定コミュニティも運営中！\n以下より連携方法をご確認ください。\nhttps://openrecnext.amebaownd.com/posts/11101764\n\n▼サブスク特典\nA席\n①メンバー限定放送・アーカイブ見放題\n②(入会初月のみ)翌月10日頃にOPENRECポイント300Pt付与\n③お誕生日月にお名前入り写真プレゼント(集合)※Discordにて前月中に申し込みの必要あり\n\nS席\n①メンバー限定放送・アーカイブ見放題\n②S席・SS席限定オフショット写真プレゼント\n③限定サイン入りチェキを抽選でプレゼント\n④(入会初月のみ)翌月10日頃にOPENRECポイント500Pt付与\n⑤お誕生日月にお名前入り写真プレゼント(個別)※Discordにて前月中に申し込みの必要あり\n\nSS席\n①メンバー限定配信・アーカイブ見放題\n②オフショット写真プレゼント\n③限定サイン入りチェキを抽選でプレゼント\n④視聴者参加型企画参加権利(抽選)\n⑤オフショット動画見放題\n⑥S席・SS席限定オフショット\n⑦(入会初月のみ)翌月10日頃にOPENRECポイント800Pt付与\n⑧お誕生日月にお名前をお呼びしたお祝い動画をプレゼント！\n\u3000(※Discordにて前月までに申し込みの必要あり)\n\n■相良茉優プロフィール\n京都府出身。4月17日生まれ。Digital Double所属。\n「アイドルメモリーズ」梶原未来で初めてのメインキャラを演じ、声優として活動を始める。\n2017年「ラブライブ！虹ヶ咲学園スクールアイドル同好会」で中須かすみに抜擢され、\n同作品のスクールアイドルとして現在放送中のアニメやゲーム・ライブで活動中。\n他にも、アプリ「ひぐらしのなく頃に命」(公由一穂)、アプリ「マギアレコード 魔法少女まどか☆マギカ外伝」(広江ちはる)等、多数作品に出演。2020年春に短編映画「時々は、眠れない夜に」に初めて実写での出演を果たした。\n', 'icon_image_url': 'https://hayabusa.io/openrec-image/user/8236662/823666191_202010211143.w90.ttl3600.png?format=png', 'l_icon_image_url': 'https://hayabusa.io/openrec-image/user/8236662/823666191_202010211143.w320.ttl3600.png?format=png', 'cover_image_url': 'https://hayabusa.io/openrec-image/user_background/8236662/823666191_202010211143.w210.ttl3600.png?format=png', 'l_cover_image_url': 'https://dqd0jw5gvbchn.cloudfront.net/user_background/8236662/823666191_202010211143.png', 'follows': 2, 'followers': 3677, 'is_premium': True, 'is_official': True, 'is_fresh': False, 'is_warned': False, 'is_team': False, 'is_league_yell': False, 'is_live': False, 'is_stats_hidden': False, 'live_views': 0, 'is_viewers_hidden': True, 'registered_at': '2020-10-19T20:34:04+09:00', 'last_updated_at': '2021-11-13T20:00:01+09:00', 'signed_in_with_facebook': None, 'signed_in_with_twitter': None, 'signed_in_with_google': None, 'signed_in_with_yahoo': None, 'signed_in_with_apple': None, 'user_status': 'special', 'is_creator': True, 'premium_start_at': None, 'premium_charge_type': None, 'premium_payment_status': None, 'has_ppv_permission': None, 'has_active_email_token': None, 'email': None, 'pending_email': None, 'twitter_screen_name': None, 'hidden_channels': None, 'has_confirmed_email': True, 'is_approved_account': True, 'blacklist_count': None, 'blacklist_limit': None}","{'name_color': '#34AEF6', 'is_premium_hidden': False, 'is_official_hidden': False, 'is_subs_badge_hidden': False, 'is_subs_duration_hidden': False}",False,False,False,False,461939042,"[{'id': 1574, 'image_url': 'https://dqd0jw5gvbchn.cloudfront.net/badge/subscription/template/a9c440f7-c013-36a3-4484-3e412f520cc7.png', 'label': 'SS席', 'type': 'subscription', 'subscription': {'months': 13, 'tier': 2}}]",21,240,https://dqd0jw5gvbchn.cloudfront.net/yell/21/4672e33ca0c66f2e0f74e7cbc210b4389b2a1ed6.png,,,300,240,15,,yuzusiba81,True,1412158,228901144,きつね,北の国から,https://hayabusa.io/openrec-image/user/2289012/228901144.w90.ttl3600.v1632753369.png?format=png,https://hayabusa.io/openrec-image/user/2289012/228901144.w320.ttl3600.v1632753369.png?format=png,https://hayabusa.io/openrec-image/user_background/2289012/228901144_cover.w210.ttl3600.v1604311574.png?format=png,https://dqd0jw5gvbchn.cloudfront.net/user_background/2289012/228901144_cover.png?1604311574,1,0,False,False,False,False,False,False,False,False,0,True,2018-05-15T20:50:07+09:00,,,,,,,bang,False,,,,,,,,,,True,True,,,1o8qe5j1g8k
4,613073,おつでした,2021-05-18T05:09:51+09:00,channel,"{'id': 299, 'name': 'FES01', 'image_url': 'https://dqd0jw5gvbchn.cloudfront.net/yell/299/e40290c7cec606f0f867813e7a224bad976e2fac.gif', 'image_url_small': '', 'animation_url': '', 'points': 200, 'yells': 160, 'ticker_seconds': 15, 'channel': None}","{'id': 'nico21_722', 'registered_user_id': True, 'openrec_user_id': 2337386, 'recxuser_id': 613272481, 'nickname': 'ぽんたろ', 'introduction': '佐々木彩夏さんと相良茉優さんのオタクです', 'icon_image_url': 'https://hayabusa.io/openrec-image/user/6132725/613272481.w90.ttl3600.v1609196989.png?format=png', 'l_icon_image_url': 'https://hayabusa.io/openrec-image/user/6132725/613272481.w320.ttl3600.v1609196989.png?format=png', 'cover_image_url': '', 'l_cover_image_url': '', 'follows': 2, 'followers': 0, 'is_premium': False, 'is_official': False, 'is_fresh': False, 'is_warned': False, 'is_team': False, 'is_league_yell': False, 'is_live': False, 'is_stats_hidden': False, 'live_views': 0, 'is_viewers_hidden': True, 'registered_at': '2019-12-26T01:39:50+09:00', 'last_updated_at': None, 'signed_in_with_facebook': None, 'signed_in_with_twitter': None, 'signed_in_with_google': None, 'signed_in_with_yahoo': None, 'signed_in_with_apple': None, 'user_status': 'bang', 'is_creator': False, 'premium_start_at': None, 'premium_charge_type': None, 'premium_payment_status': None, 'has_ppv_permission': None, 'has_active_email_token': None, 'email': None, 'pending_email': None, 'twitter_screen_name': None, 'hidden_channels': None, 'has_confirmed_email': True, 'is_approved_account': True, 'blacklist_count': None, 'blacklist_limit': None}","{'id': 'sagara_mayu', 'registered_user_id': True, 'openrec_user_id': 3758330, 'recxuser_id': 823666191, 'nickname': '相良茉優のFUN！FAN！FACTORY', 'introduction': '毎週月曜日配信の相良茉優がファンと一緒に楽しいことを作っていく番組です！\n\n番組推奨ハッシュタグ「#さがらFFF」\n是非ハッシュタグを付けて番組や相良茉優について呟いてください！\n\n「Discord」にてサブスク限定コミュニティも運営中！\n以下より連携方法をご確認ください。\nhttps://openrecnext.amebaownd.com/posts/11101764\n\n▼サブスク特典\nA席\n①メンバー限定放送・アーカイブ見放題\n②(入会初月のみ)翌月10日頃にOPENRECポイント300Pt付与\n③お誕生日月にお名前入り写真プレゼント(集合)※Discordにて前月中に申し込みの必要あり\n\nS席\n①メンバー限定放送・アーカイブ見放題\n②S席・SS席限定オフショット写真プレゼント\n③限定サイン入りチェキを抽選でプレゼント\n④(入会初月のみ)翌月10日頃にOPENRECポイント500Pt付与\n⑤お誕生日月にお名前入り写真プレゼント(個別)※Discordにて前月中に申し込みの必要あり\n\nSS席\n①メンバー限定配信・アーカイブ見放題\n②オフショット写真プレゼント\n③限定サイン入りチェキを抽選でプレゼント\n④視聴者参加型企画参加権利(抽選)\n⑤オフショット動画見放題\n⑥S席・SS席限定オフショット\n⑦(入会初月のみ)翌月10日頃にOPENRECポイント800Pt付与\n⑧お誕生日月にお名前をお呼びしたお祝い動画をプレゼント！\n\u3000(※Discordにて前月までに申し込みの必要あり)\n\n■相良茉優プロフィール\n京都府出身。4月17日生まれ。Digital Double所属。\n「アイドルメモリーズ」梶原未来で初めてのメインキャラを演じ、声優として活動を始める。\n2017年「ラブライブ！虹ヶ咲学園スクールアイドル同好会」で中須かすみに抜擢され、\n同作品のスクールアイドルとして現在放送中のアニメやゲーム・ライブで活動中。\n他にも、アプリ「ひぐらしのなく頃に命」(公由一穂)、アプリ「マギアレコード 魔法少女まどか☆マギカ外伝」(広江ちはる)等、多数作品に出演。2020年春に短編映画「時々は、眠れない夜に」に初めて実写での出演を果たした。\n', 'icon_image_url': 'https://hayabusa.io/openrec-image/user/8236662/823666191_202010211143.w90.ttl3600.png?format=png', 'l_icon_image_url': 'https://hayabusa.io/openrec-image/user/8236662/823666191_202010211143.w320.ttl3600.png?format=png', 'cover_image_url': 'https://hayabusa.io/openrec-image/user_background/8236662/823666191_202010211143.w210.ttl3600.png?format=png', 'l_cover_image_url': 'https://dqd0jw5gvbchn.cloudfront.net/user_background/8236662/823666191_202010211143.png', 'follows': 2, 'followers': 3677, 'is_premium': True, 'is_official': True, 'is_fresh': False, 'is_warned': False, 'is_team': False, 'is_league_yell': False, 'is_live': False, 'is_stats_hidden': False, 'live_views': 0, 'is_viewers_hidden': True, 'registered_at': '2020-10-19T20:34:04+09:00', 'last_updated_at': '2021-11-13T20:00:01+09:00', 'signed_in_with_facebook': None, 'signed_in_with_twitter': None, 'signed_in_with_google': None, 'signed_in_with_yahoo': None, 'signed_in_with_apple': None, 'user_status': 'special', 'is_creator': True, 'premium_start_at': None, 'premium_charge_type': None, 'premium_payment_status': None, 'has_ppv_permission': None, 'has_active_email_token': None, 'email': None, 'pending_email': None, 'twitter_screen_name': None, 'hidden_channels': None, 'has_confirmed_email': True, 'is_approved_account': True, 'blacklist_count': None, 'blacklist_limit': None}","{'name_color': '#F6A434', 'is_premium_hidden': False, 'is_official_hidden': False, 'is_subs_badge_hidden': False, 'is_subs_duration_hidden': False}",False,False,False,False,461939037,"[{'id': 1574, 'image_url': 'https://dqd0jw5gvbchn.cloudfront.net/badge/subscription/template/a9c440f7-c013-36a3-4484-3e412f520cc7.png', 'label': 'SS席', 'type': 'subscription', 'subscription': {'months': 13, 'tier': 2}}]",299,FES01,https://dqd0jw5gvbchn.cloudfront.net/yell/299/e40290c7cec606f0f867813e7a224bad976e2fac.gif,,,200,160,15,,nico21_722,True,2337386,613272481,ぽんたろ,佐々木彩夏さんと相良茉優さんのオタクです,https://hayabusa.io/openrec-image/user/6132725/613272481.w90.ttl3600.v1609196989.png?format=png,https://hayabusa.io/openrec-image/user/6132725/613272481.w320.ttl3600.v1609196989.png?format=png,,,2,0,False,False,False,False,False,False,False,False,0,True,2019-12-26T01:39:50+09:00,,,,,,,bang,False,,,,,,,,,,True,True,,,1o8qe5j1g8k
5,613072,사랑해요♥,2021-05-18T05:09:33+09:00,channel,"{'id': 299, 'name': 'FES01', 'image_url': 'https://dqd0jw5gvbchn.cloudfront.net/yell/299/e40290c7cec606f0f867813e7a224bad976e2fac.gif', 'image_url_small': '', 'animation_url': '', 'points': 200, 'yells': 160, 'ticker_seconds': 15, 'channel': None}","{'id': 'abdul_waheguru', 'registered_user_id': True, 'openrec_user_id': 3855710, 'recxuser_id': 848778256, 'nickname': 'abdul_waheguru', 'introduction': 'waheguru ji ka khalsa, waheguru ji ki fateh', 'icon_image_url': 'https://hayabusa.io/openrec-image/user/8487783/848778256.w90.ttl3600.v1606215286.png?format=png', 'l_icon_image_url': 'https://hayabusa.io/openrec-image/user/8487783/848778256.w320.ttl3600.v1606215286.png?format=png', 'cover_image_url': '', 'l_cover_image_url': '', 'follows': 1, 'followers': 0, 'is_premium': False, 'is_official': False, 'is_fresh': False, 'is_warned': False, 'is_team': False, 'is_league_yell': False, 'is_live': False, 'is_stats_hidden': False, 'live_views': 0, 'is_viewers_hidden': True, 'registered_at': '2020-11-24T19:54:45+09:00', 'last_updated_at': None, 'signed_in_with_facebook': None, 'signed_in_with_twitter': None, 'signed_in_with_google': None, 'signed_in_with_yahoo': None, 'signed_in_with_apple': None, 'user_status': 'bang', 'is_creator': False, 'premium_start_at': None, 'premium_charge_type': None, 'premium_payment_status': None, 'has_ppv_permission': None, 'has_active_email_token': None, 'email': None, 'pending_email': None, 'twitter_screen_name': None, 'hidden_channels': None, 'has_confirmed_email': True, 'is_approved_account': True, 'blacklist_count': None, 'blacklist_limit': None}","{'id': 'sagara_mayu', 'registered_user_id': True, 'openrec_user_id': 3758330, 'recxuser_id': 823666191, 'nickname': '相良茉優のFUN！FAN！FACTORY', 'introduction': '毎週月曜日配信の相良茉優がファンと一緒に楽しいことを作っていく番組です！\n\n番組推奨ハッシュタグ「#さがらFFF」\n是非ハッシュタグを付けて番組や相良茉優について呟いてください！\n\n「Discord」にてサブスク限定コミュニティも運営中！\n以下より連携方法をご確認ください。\nhttps://openrecnext.amebaownd.com/posts/11101764\n\n▼サブスク特典\nA席\n①メンバー限定放送・アーカイブ見放題\n②(入会初月のみ)翌月10日頃にOPENRECポイント300Pt付与\n③お誕生日月にお名前入り写真プレゼント(集合)※Discordにて前月中に申し込みの必要あり\n\nS席\n①メンバー限定放送・アーカイブ見放題\n②S席・SS席限定オフショット写真プレゼント\n③限定サイン入りチェキを抽選でプレゼント\n④(入会初月のみ)翌月10日頃にOPENRECポイント500Pt付与\n⑤お誕生日月にお名前入り写真プレゼント(個別)※Discordにて前月中に申し込みの必要あり\n\nSS席\n①メンバー限定配信・アーカイブ見放題\n②オフショット写真プレゼント\n③限定サイン入りチェキを抽選でプレゼント\n④視聴者参加型企画参加権利(抽選)\n⑤オフショット動画見放題\n⑥S席・SS席限定オフショット\n⑦(入会初月のみ)翌月10日頃にOPENRECポイント800Pt付与\n⑧お誕生日月にお名前をお呼びしたお祝い動画をプレゼント！\n\u3000(※Discordにて前月までに申し込みの必要あり)\n\n■相良茉優プロフィール\n京都府出身。4月17日生まれ。Digital Double所属。\n「アイドルメモリーズ」梶原未来で初めてのメインキャラを演じ、声優として活動を始める。\n2017年「ラブライブ！虹ヶ咲学園スクールアイドル同好会」で中須かすみに抜擢され、\n同作品のスクールアイドルとして現在放送中のアニメやゲーム・ライブで活動中。\n他にも、アプリ「ひぐらしのなく頃に命」(公由一穂)、アプリ「マギアレコード 魔法少女まどか☆マギカ外伝」(広江ちはる)等、多数作品に出演。2020年春に短編映画「時々は、眠れない夜に」に初めて実写での出演を果たした。\n', 'icon_image_url': 'https://hayabusa.io/openrec-image/user/8236662/823666191_202010211143.w90.ttl3600.png?format=png', 'l_icon_image_url': 'https://hayabusa.io/openrec-image/user/8236662/823666191_202010211143.w320.ttl3600.png?format=png', 'cover_image_url': 'https://hayabusa.io/openrec-image/user_background/8236662/823666191_202010211143.w210.ttl3600.png?format=png', 'l_cover_image_url': 'https://dqd0jw5gvbchn.cloudfront.net/user_background/8236662/823666191_202010211143.png', 'follows': 2, 'followers': 3677, 'is_premium': True, 'is_official': True, 'is_fresh': False, 'is_warned': False, 'is_team': False, 'is_league_yell': False, 'is_live': False, 'is_stats_hidden': False, 'live_views': 0, 'is_viewers_hidden': True, 'registered_at': '2020-10-19T20:34:04+09:00', 'last_updated_at': '2021-11-13T20:00:01+09:00', 'signed_in_with_facebook': None, 'signed_in_with_twitter': None, 'signed_in_with_google': None, 'signed_in_with_yahoo': None, 'signed_in_with_apple': None, 'user_status': 'special', 'is_creator': True, 'premium_start_at': None, 'premium_charge_type': None, 'premium_payment_status': None, 'has_ppv_permission': None, 'has_active_email_token': None, 'email': None, 'pending_email': None, 'twitter_screen_name': None, 'hidden_channels': None, 'has_confirmed_email': True, 'is_approved_account': True, 'blacklist_count': None, 'blacklist_limit': None}","{'name_color': '#FB7642', 'is_premium_hidden': False, 'is_official_hidden': False, 'is_subs_badge_hidden': False, 'is_subs_duration_hidden': False}",False,False,False,False,461939022,"[{'id': 1574, 'image_url': 'https://dqd0jw5gvbchn.cloudfront.net/badge/subscription/template/a9c440f7-c013-36a3-4484-3e412f520cc7.png', 'label': 'SS席', 'type': 'subscription', 'subscription': {'months': 12, 'tier': 2}}]",299,FES01,https://dqd0jw5gvbchn.cloudfront.net/yell/299/e40290c7cec606f0f867813e7a224bad976e2fac.gif,,,200,160,15,,abdul_waheguru,True,3855710,848778256,abdul_waheguru,"waheguru ji ka khalsa, waheguru ji ki fateh",https://hayabusa.io/openrec-image/user/8487783/848778256.w90.ttl3600.v1606215286.png?format=png,https://hayabusa.io/openrec-image/user/8487783/848778256.w320.ttl3600.v1606215286.png?format=png,,,1,0,False,False,False,False,False,False,False,False,0,True,2020-11-24T19:54:45+09:00,,,,,,,bang,False,,,,,,,,,,True,True,,,1o8qe5j1g8k
6,613071,お疲れさまでした,2021-05-18T05:09:23+09:00,channel,"{'id': 299, 'name': 'FES01', 'image_url': 'https://dqd0jw5gvbchn.cloudfront.net/yell/299/e40290c7cec606f0f867813e7a224bad976e2fac.gif', 'image_url_small': '', 'animation_url': '', 'points': 200, 'yells': 160, 'ticker_seconds': 15, 'channel': None}","{'id': 'al-fun4', 'registered_user_id': True, 'openrec_user_id': 3805961, 'recxuser_id': 833571531, 'nickname': 'おる (Al_Fun4)', 'introduction': '', 'icon_image_url': 'https://hayabusa.io/openrec-image/user/8335716/833571531.w90.ttl3600.v1604314830.png?format=png', 'l_icon_image_url': 'https://hayabusa.io/openrec-image/user/8335716/833571531.w320.ttl3600.v1604314830.png?format=png', 'cover_image_url': '', 'l_cover_image_url': '', 'follows': 3, 'followers': 0, 'is_premium': False, 'is_official': False, 'is_fresh': False, 'is_warned': False, 'is_team': False, 'is_league_yell': False, 'is_live': False, 'is_stats_hidden': False, 'live_views': 0, 'is_viewers_hidden': True, 'registered_at': '2020-11-02T20:00:30+09:00', 'last_updated_at': None, 'signed_in_with_facebook': None, 'signed_in_with_twitter': None, 'signed_in_with_google': None, 'signed_in_with_yahoo': None, 'signed_in_with_apple': None, 'user_status': 'bang', 'is_creator': False, 'premium_start_at': None, 'premium_charge_type': None, 'premium_payment_status': None, 'has_ppv_permission': None, 'has_active_email_token': None, 'email': None, 'pending_email': None, 'twitter_screen_name': None, 'hidden_channels': None, 'has_confirmed_email': True, 'is_approved_account': True, 'blacklist_count': None, 'blacklist_limit': None}","{'id': 'sagara_mayu', 'registered_user_id': True, 'openrec_user_id': 3758330, 'recxuser_id': 823666191, 'nickname': '相良茉優のFUN！FAN！FACTORY', 'introduction': '毎週月曜日配信の相良茉優がファンと一緒に楽しいことを作っていく番組です！\n\n番組推奨ハッシュタグ「#さがらFFF」\n是非ハッシュタグを付けて番組や相良茉優について呟いてください！\n\n「Discord」にてサブスク限定コミュニティも運営中！\n以下より連携方法をご確認ください。\nhttps://openrecnext.amebaownd.com/posts/11101764\n\n▼サブスク特典\nA席\n①メンバー限定放送・アーカイブ見放題\n②(入会初月のみ)翌月10日頃にOPENRECポイント300Pt付与\n③お誕生日月にお名前入り写真プレゼント(集合)※Discordにて前月中に申し込みの必要あり\n\nS席\n①メンバー限定放送・アーカイブ見放題\n②S席・SS席限定オフショット写真プレゼント\n③限定サイン入りチェキを抽選でプレゼント\n④(入会初月のみ)翌月10日頃にOPENRECポイント500Pt付与\n⑤お誕生日月にお名前入り写真プレゼント(個別)※Discordにて前月中に申し込みの必要あり\n\nSS席\n①メンバー限定配信・アーカイブ見放題\n②オフショット写真プレゼント\n③限定サイン入りチェキを抽選でプレゼント\n④視聴者参加型企画参加権利(抽選)\n⑤オフショット動画見放題\n⑥S席・SS席限定オフショット\n⑦(入会初月のみ)翌月10日頃にOPENRECポイント800Pt付与\n⑧お誕生日月にお名前をお呼びしたお祝い動画をプレゼント！\n\u3000(※Discordにて前月までに申し込みの必要あり)\n\n■相良茉優プロフィール\n京都府出身。4月17日生まれ。Digital Double所属。\n「アイドルメモリーズ」梶原未来で初めてのメインキャラを演じ、声優として活動を始める。\n2017年「ラブライブ！虹ヶ咲学園スクールアイドル同好会」で中須かすみに抜擢され、\n同作品のスクールアイドルとして現在放送中のアニメやゲーム・ライブで活動中。\n他にも、アプリ「ひぐらしのなく頃に命」(公由一穂)、アプリ「マギアレコード 魔法少女まどか☆マギカ外伝」(広江ちはる)等、多数作品に出演。2020年春に短編映画「時々は、眠れない夜に」に初めて実写での出演を果たした。\n', 'icon_image_url': 'https://hayabusa.io/openrec-image/user/8236662/823666191_202010211143.w90.ttl3600.png?format=png', 'l_icon_image_url': 'https://hayabusa.io/openrec-image/user/8236662/823666191_202010211143.w320.ttl3600.png?format=png', 'cover_image_url': 'https://hayabusa.io/openrec-image/user_background/8236662/823666191_202010211143.w210.ttl3600.png?format=png', 'l_cover_image_url': 'https://dqd0jw5gvbchn.cloudfront.net/user_background/8236662/823666191_202010211143.png', 'follows': 2, 'followers': 3677, 'is_premium': True, 'is_official': True, 'is_fresh': False, 'is_warned': False, 'is_team': False, 'is_league_yell': False, 'is_live': False, 'is_stats_hidden': False, 'live_views': 0, 'is_viewers_hidden': True, 'registered_at': '2020-10-19T20:34:04+09:00', 'last_updated_at': '2021-11-13T20:00:01+09:00', 'signed_in_with_facebook': None, 'signed_in_with_twitter': None, 'signed_in_with_google': None, 'signed_in_with_yahoo': None, 'signed_in_with_apple': None, 'user_status': 'special', 'is_creator': True, 'premium_start_at': None, 'premium_charge_type': None, 'premium_payment_status': None, 'has_ppv_permission': None, 'has_active_email_token': None, 'email': None, 'pending_email': None, 'twitter_screen_name': None, 'hidden_channels': None, 'has_confirmed_email': True, 'is_approved_account': True, 'blacklist_count': None, 'blacklist_limit': None}","{'name_color': '#F6A434', 'is_premium_hidden': False, 'is_official_hidden': False, 'is_subs_badge_hidden': False, 'is_subs_duration_hidden': False}",False,False,False,False,461939016,"[{'id': 1574, 'image_url': 'https://dqd0jw5gvbchn.cloudfront.net/badge/subscription/template/a9c440f7-c013-36a3-4484-3e412f520cc7.png', 'label': 'SS席', 'type': 'subscription', 'subscription': {'months': 13, 'tier': 2}}]",299,FES01,https://dqd0jw5gvbchn.cloudfront.net/yell/299/e40290c7cec606f0f867813e7a224bad976e2fac.gif,,,200,160,15,,al-fun4,True,3805961,833571531,おる (Al_Fun4),,https://hayabusa.io/openrec-image/user/8335716/833571531.w90.ttl3600.v1604314830.png?format=png,https://hayabusa.io/openrec-image/user/8335716/833571531.w320.ttl3600.v1604314830.png?format=png,,,3,0,False,False,False,False,False,False,False,False,0,True,2020-11-02T20:00:30+09:00,,,,,,,bang,False,,,,,,,,,,True,True,,,1o8qe5j1g8k
7,613070,お疲れ様でした！！,2021-05-18T05:08:57+09:00,channel,"{'id': 299, 'name': 'FES01', 'image_url': 'https://dqd0jw5gvbchn.cloudfront.net/yell/299/e40290c7cec606f0f867813e7a224bad976e2fac.gif', 'image_url_small': '', 'animation_url': '', 'points': 200, 'yells': 160, 'ticker_seconds': 15, 'channel': None}","{'id': 'T_8s3i', 'registered_user_id': True, 'openrec_user_id': 4216369, 'recxuser_id': 968894441, 'nickname': 'はすみ', 'introduction': '', 'icon_image_url': 'https://hayabusa.io/openrec-image/user/9688945/968894441.w90.ttl3600.v1633355669.png?format=png', 'l_icon_image_url': 'https://hayabusa.io/openrec-image/user/9688945/968894441.w320.ttl3600.v1633355669.png?format=png', 'cover_image_url': '', 'l_cover_image_url': '', 'follows': 1, 'followers': 0, 'is_premium': False, 'is_official': False, 'is_fresh': False, 'is_warned': False, 'is_team': False, 'is_league_yell': False, 'is_live': False, 'is_stats_hidden': False, 'live_views': 0, 'is_viewers_hidden': True, 'registered_at': '2021-05-10T20:36:14+09:00', 'last_updated_at': None, 'signed_in_with_facebook': None, 'signed_in_with_twitter': None, 'signed_in_with_google': None, 'signed_in_with_yahoo': None, 'signed_in_with_apple': None, 'user_status': 'bang', 'is_creator': False, 'premium_start_at': None, 'premium_charge_type': None, 'premium_payment_status': None, 'has_ppv_permission': None, 'has_active_email_token': None, 'email': None, 'pending_email': None, 'twitter_screen_name': None, 'hidden_channels': None, 'has_confirmed_email': True, 'is_approved_account': True, 'blacklist_count': None, 'blacklist_limit': None}","{'id': 'sagara_mayu', 'registered_user_id': True, 'openrec_user_id': 3758330, 'recxuser_id': 823666191, 'nickname': '相良茉優のFUN！FAN！FACTORY', 'introduction': '毎週月曜日配信の相良茉優がファンと一緒に楽しいことを作っていく番組です！\n\n番組推奨ハッシュタグ「#さがらFFF」\n是非ハッシュタグを付けて番組や相良茉優について呟いてください！\n\n「Discord」にてサブスク限定コミュニティも運営中！\n以下より連携方法をご確認ください。\nhttps://openrecnext.amebaownd.com/posts/11101764\n\n▼サブスク特典\nA席\n①メンバー限定放送・アーカイブ見放題\n②(入会初月のみ)翌月10日頃にOPENRECポイント300Pt付与\n③お誕生日月にお名前入り写真プレゼント(集合)※Discordにて前月中に申し込みの必要あり\n\nS席\n①メンバー限定放送・アーカイブ見放題\n②S席・SS席限定オフショット写真プレゼント\n③限定サイン入りチェキを抽選でプレゼント\n④(入会初月のみ)翌月10日頃にOPENRECポイント500Pt付与\n⑤お誕生日月にお名前入り写真プレゼント(個別)※Discordにて前月中に申し込みの必要あり\n\nSS席\n①メンバー限定配信・アーカイブ見放題\n②オフショット写真プレゼント\n③限定サイン入りチェキを抽選でプレゼント\n④視聴者参加型企画参加権利(抽選)\n⑤オフショット動画見放題\n⑥S席・SS席限定オフショット\n⑦(入会初月のみ)翌月10日頃にOPENRECポイント800Pt付与\n⑧お誕生日月にお名前をお呼びしたお祝い動画をプレゼント！\n\u3000(※Discordにて前月までに申し込みの必要あり)\n\n■相良茉優プロフィール\n京都府出身。4月17日生まれ。Digital Double所属。\n「アイドルメモリーズ」梶原未来で初めてのメインキャラを演じ、声優として活動を始める。\n2017年「ラブライブ！虹ヶ咲学園スクールアイドル同好会」で中須かすみに抜擢され、\n同作品のスクールアイドルとして現在放送中のアニメやゲーム・ライブで活動中。\n他にも、アプリ「ひぐらしのなく頃に命」(公由一穂)、アプリ「マギアレコード 魔法少女まどか☆マギカ外伝」(広江ちはる)等、多数作品に出演。2020年春に短編映画「時々は、眠れない夜に」に初めて実写での出演を果たした。\n', 'icon_image_url': 'https://hayabusa.io/openrec-image/user/8236662/823666191_202010211143.w90.ttl3600.png?format=png', 'l_icon_image_url': 'https://hayabusa.io/openrec-image/user/8236662/823666191_202010211143.w320.ttl3600.png?format=png', 'cover_image_url': 'https://hayabusa.io/openrec-image/user_background/8236662/823666191_202010211143.w210.ttl3600.png?format=png', 'l_cover_image_url': 'https://dqd0jw5gvbchn.cloudfront.net/user_background/8236662/823666191_202010211143.png', 'follows': 2, 'followers': 3677, 'is_premium': True, 'is_official': True, 'is_fresh': False, 'is_warned': False, 'is_team': False, 'is_league_yell': False, 'is_live': False, 'is_stats_hidden': False, 'live_views': 0, 'is_viewers_hidden': True, 'registered_at': '2020-10-19T20:34:04+09:00', 'last_updated_at': '2021-11-13T20:00:01+09:00', 'signed_in_with_facebook': None, 'signed_in_with_twitter': None, 'signed_in_with_google': None, 'signed_in_with_yahoo': None, 'signed_in_with_apple': None, 'user_status': 'special', 'is_creator': True, 'premium_start_at': None, 'premium_charge_type': None, 'premium_payment_status': None, 'has_ppv_permission': None, 'has_active_email_token': None, 'email': None, 'pending_email': None, 'twitter_screen_name': None, 'hidden_channels': None, 'has_confirmed_email': True, 'is_approved_account': True, 'blacklist_count': None, 'blacklist_limit': None}","{'name_color': '#F6A434', 'is_premium_hidden': False, 'is_official_hidden': False, 'is_subs_badge_hidden': False, 'is_subs_duration_hidden': False}",False,False,False,False,461938994,"[{'id': 1574, 'image_url': 'https://dqd0jw5gvbchn.cloudfront.net/badge/subscription/template/a9c440f7-c013-36a3-4484-3e412f520cc7.png', 'label': 'SS席', 'type': 'subscription', 'subscription': {'months': 7, 'tier': 2}}]",299,FES01,https://dqd0jw5gvbchn.cloudfront.net/yell/299/e40290c7cec606f0f867813e7a224bad976e2fac.gif,,,200,160,15,,T_8s3i,True,4216369,968894441,はすみ,,https://hayabusa.io/openrec-image/user/9688945/968894441.w90.ttl3600.v1633355669.png?format=png,https://hayabusa.io/openrec-image/user/9688945/968894441.w320.ttl3600.v1633355669.png?format=png,,,1,0,False,False,False,False,False,False,False,False,0,True,2021-05-10T20:36:14+09:00,,,,,,,bang,False,,,,,,,,,,True,True,,,1o8qe5j1g8k
8,613069,お疲れ様でした！ 次の配信までにサムネまた作っときます,2021-05-18T05:08:51+09:00,channel,"{'id': 299, 'name': 'FES01', 'image_url': 'https://dqd0jw5gvbchn.cloudfront.net/yell/299/e40290c7cec606f0f867813e7a224bad976e2fac.gif', 'image_url_small': '', 'animation_url': '', 'points': 200, 'yells': 160, 'ticker_seconds': 15, 'channel': None}","{'id': 'shou0419', 'registered_user_id': True, 'openrec_user_id': 2105516, 'recxuser_id': 481811987, 'nickname': 'しょう(モルモット)', 'introduction': '', 'icon_image_url': 'https://hayabusa.io/openrec-image/user/4818120/481811987.w90.ttl3600.v1623711991.png?format=png', 'l_icon_image_url': 'https://hayabusa.io/openrec-image/user/4818120/481811987.w320.ttl3600.v1623711991.png?format=png', 'cover_image_url': 'https://hayabusa.io/openrec-image/user_background/4818120/481811987_cover.w210.ttl3600.v1566279468.png?format=png', 'l_cover_image_url': 'https://dqd0jw5gvbchn.cloudfront.net/user_background/4818120/481811987_cover.png?1566279468', 'follows': 1, 'followers': 0, 'is_premium': False, 'is_official': False, 'is_fresh': False, 'is_warned': False, 'is_team': False, 'is_league_yell': False, 'is_live': False, 'is_stats_hidden': False, 'live_views': 0, 'is_viewers_hidden': True, 'registered_at': '2019-07-09T01:15:12+09:00', 'last_updated_at': None, 'signed_in_with_facebook': None, 'signed_in_with_twitter': None, 'signed_in_with_google': None, 'signed_in_with_yahoo': None, 'signed_in_with_apple': None, 'user_status': 'publish', 'is_creator': False, 'premium_start_at': None, 'premium_charge_type': None, 'premium_payment_status': None, 'has_ppv_permission': None, 'has_active_email_token': None, 'email': None, 'pending_email': None, 'twitter_screen_name': None, 'hidden_channels': None, 'has_confirmed_email': True, 'is_approved_account': True, 'blacklist_count': None, 'blacklist_limit': None}","{'id': 'sagara_mayu', 'registered_user_id': True, 'openrec_user_id': 3758330, 'recxuser_id': 823666191, 'nickname': '相良茉優のFUN！FAN！FACTORY', 'introduction': '毎週月曜日配信の相良茉優がファンと一緒に楽しいことを作っていく番組です！\n\n番組推奨ハッシュタグ「#さがらFFF」\n是非ハッシュタグを付けて番組や相良茉優について呟いてください！\n\n「Discord」にてサブスク限定コミュニティも運営中！\n以下より連携方法をご確認ください。\nhttps://openrecnext.amebaownd.com/posts/11101764\n\n▼サブスク特典\nA席\n①メンバー限定放送・アーカイブ見放題\n②(入会初月のみ)翌月10日頃にOPENRECポイント300Pt付与\n③お誕生日月にお名前入り写真プレゼント(集合)※Discordにて前月中に申し込みの必要あり\n\nS席\n①メンバー限定放送・アーカイブ見放題\n②S席・SS席限定オフショット写真プレゼント\n③限定サイン入りチェキを抽選でプレゼント\n④(入会初月のみ)翌月10日頃にOPENRECポイント500Pt付与\n⑤お誕生日月にお名前入り写真プレゼント(個別)※Discordにて前月中に申し込みの必要あり\n\nSS席\n①メンバー限定配信・アーカイブ見放題\n②オフショット写真プレゼント\n③限定サイン入りチェキを抽選でプレゼント\n④視聴者参加型企画参加権利(抽選)\n⑤オフショット動画見放題\n⑥S席・SS席限定オフショット\n⑦(入会初月のみ)翌月10日頃にOPENRECポイント800Pt付与\n⑧お誕生日月にお名前をお呼びしたお祝い動画をプレゼント！\n\u3000(※Discordにて前月までに申し込みの必要あり)\n\n■相良茉優プロフィール\n京都府出身。4月17日生まれ。Digital Double所属。\n「アイドルメモリーズ」梶原未来で初めてのメインキャラを演じ、声優として活動を始める。\n2017年「ラブライブ！虹ヶ咲学園スクールアイドル同好会」で中須かすみに抜擢され、\n同作品のスクールアイドルとして現在放送中のアニメやゲーム・ライブで活動中。\n他にも、アプリ「ひぐらしのなく頃に命」(公由一穂)、アプリ「マギアレコード 魔法少女まどか☆マギカ外伝」(広江ちはる)等、多数作品に出演。2020年春に短編映画「時々は、眠れない夜に」に初めて実写での出演を果たした。\n', 'icon_image_url': 'https://hayabusa.io/openrec-image/user/8236662/823666191_202010211143.w90.ttl3600.png?format=png', 'l_icon_image_url': 'https://hayabusa.io/openrec-image/user/8236662/823666191_202010211143.w320.ttl3600.png?format=png', 'cover_image_url': 'https://hayabusa.io/openrec-image/user_background/8236662/823666191_202010211143.w210.ttl3600.png?format=png', 'l_cover_image_url': 'https://dqd0jw5gvbchn.cloudfront.net/user_background/8236662/823666191_202010211143.png', 'follows': 2, 'followers': 3677, 'is_premium': True, 'is_official': True, 'is_fresh': False, 'is_warned': False, 'is_team': False, 'is_league_yell': False, 'is_live': False, 'is_stats_hidden': False, 'live_views': 0, 'is_viewers_hidden': True, 'registered_at': '2020-10-19T20:34:04+09:00', 'last_updated_at': '2021-11-13T20:00:01+09:00', 'signed_in_with_facebook': None, 'signed_in_with_twitter': None, 'signed_in_with_google': None, 'signed_in_with_yahoo': None, 'signed_in_with_apple': None, 'user_status': 'special', 'is_creator': True, 'premium_start_at': None, 'premium_charge_type': None, 'premium_payment_status': None, 'has_ppv_permission': None, 'has_active_email_token': None, 'email': None, 'pending_email': None, 'twitter_screen_name': None, 'hidden_channels': None, 'has_confirmed_email': True, 'is_approved_account': True, 'blacklist_count': None, 'blacklist_limit': None}","{'name_color': '#B6FF59', 'is_premium_hidden': False, 'is_official_hidden': False, 'is_subs_badge_hidden': False, 'is_subs_duration_hidden': False}",False,False,False,False,461938988,"[{'id': 1574, 'image_url': 'https://dqd0jw5gvbchn.cloudfront.net/badge/subscription/template/a9c440f7-c013-36a3-4484-3e412f520cc7.png', 'label': 'SS席', 'type': 'subscription', 'subscription': {'months': 12, 'tier': 2}}]",299,FES01,https://dqd0jw5gvbchn.cloudfront.net/yell/299/e40290c7cec606f0f867813e7a224bad976e2fac.gif,,,200,160,15,,shou0419,True,2105516,481811987,しょう(モルモット),,https://hayabusa.io/openrec-image/user/4818120/481811987.w90.ttl3600.v1623711991.png?format=png,https://hayabusa.io/openrec-image/user/4818120/481811987.w320.ttl3600.v1623711991.png?format=png,https://hayabusa.io/openrec-image/user_background/4818120/481811987_cover.w210.ttl3600.v1566279468.png?format=png,https://dqd0jw5gvbchn.cloudfront.net/user_background/4818120/481811987_cover.png?1566279468,1,0,False,False,False,False,False,False,False,False,0,True,2019-07-09T01:15:12+09:00,,,,,,,publish,False,,,,,,,,,,True,True,,,1o8qe5j1g8k
9,613068,お疲れ様でした、ごゆっくりおやすみ下さいませ～,2021-05-18T05:07:44+09:00,channel,"{'id': 299, 'name': 'FES01', 'image_url': 'https://dqd0jw5gvbchn.cloudfront.net/yell/299/e40290c7cec606f0f867813e7a224bad976e2fac.gif', 'image_url_small': '', 'animation_url': '', 'points': 200, 'yells': 160, 'ticker_seconds': 15, 'channel': None}","{'id': 'tonden75', 'registered_user_id': True, 'openrec_user_id': 3743389, 'recxuser_id': 818717309, 'nickname': 'とんでん', 'introduction': '', 'icon_image_url': 'https://hayabusa.io/openrec-image/user/8187174/818717309.w90.ttl3600.v1602499023.png?format=png', 'l_icon_image_url': 'https://hayabusa.io/openrec-image/user/8187174/818717309.w320.ttl3600.v1602499023.png?format=png', 'cover_image_url': '', 'l_cover_image_url': '', 'follows': 2, 'followers': 0, 'is_premium': False, 'is_official': False, 'is_fresh': False, 'is_warned': False, 'is_team': False, 'is_league_yell': False, 'is_live': False, 'is_stats_hidden': False, 'live_views': 0, 'is_viewers_hidden': True, 'registered_at': '2020-10-12T19:37:03+09:00', 'last_updated_at': None, 'signed_in_with_facebook': None, 'signed_in_with_twitter': None, 'signed_in_with_google': None, 'signed_in_with_yahoo': None, 'signed_in_with_apple': None, 'user_status': 'bang', 'is_creator': False, 'premium_start_at': None, 'premium_charge_type': None, 'premium_payment_status': None, 'has_ppv_permission': None, 'has_active_email_token': None, 'email': None, 'pending_email': None, 'twitter_screen_name': None, 'hidden_channels': None, 'has_confirmed_email': True, 'is_approved_account': True, 'blacklist_count': None, 'blacklist_limit': None}","{'id': 'sagara_mayu', 'registered_user_id': True, 'openrec_user_id': 3758330, 'recxuser_id': 823666191, 'nickname': '相良茉優のFUN！FAN！FACTORY', 'introduction': '毎週月曜日配信の相良茉優がファンと一緒に楽しいことを作っていく番組です！\n\n番組推奨ハッシュタグ「#さがらFFF」\n是非ハッシュタグを付けて番組や相良茉優について呟いてください！\n\n「Discord」にてサブスク限定コミュニティも運営中！\n以下より連携方法をご確認ください。\nhttps://openrecnext.amebaownd.com/posts/11101764\n\n▼サブスク特典\nA席\n①メンバー限定放送・アーカイブ見放題\n②(入会初月のみ)翌月10日頃にOPENRECポイント300Pt付与\n③お誕生日月にお名前入り写真プレゼント(集合)※Discordにて前月中に申し込みの必要あり\n\nS席\n①メンバー限定放送・アーカイブ見放題\n②S席・SS席限定オフショット写真プレゼント\n③限定サイン入りチェキを抽選でプレゼント\n④(入会初月のみ)翌月10日頃にOPENRECポイント500Pt付与\n⑤お誕生日月にお名前入り写真プレゼント(個別)※Discordにて前月中に申し込みの必要あり\n\nSS席\n①メンバー限定配信・アーカイブ見放題\n②オフショット写真プレゼント\n③限定サイン入りチェキを抽選でプレゼント\n④視聴者参加型企画参加権利(抽選)\n⑤オフショット動画見放題\n⑥S席・SS席限定オフショット\n⑦(入会初月のみ)翌月10日頃にOPENRECポイント800Pt付与\n⑧お誕生日月にお名前をお呼びしたお祝い動画をプレゼント！\n\u3000(※Discordにて前月までに申し込みの必要あり)\n\n■相良茉優プロフィール\n京都府出身。4月17日生まれ。Digital Double所属。\n「アイドルメモリーズ」梶原未来で初めてのメインキャラを演じ、声優として活動を始める。\n2017年「ラブライブ！虹ヶ咲学園スクールアイドル同好会」で中須かすみに抜擢され、\n同作品のスクールアイドルとして現在放送中のアニメやゲーム・ライブで活動中。\n他にも、アプリ「ひぐらしのなく頃に命」(公由一穂)、アプリ「マギアレコード 魔法少女まどか☆マギカ外伝」(広江ちはる)等、多数作品に出演。2020年春に短編映画「時々は、眠れない夜に」に初めて実写での出演を果たした。\n', 'icon_image_url': 'https://hayabusa.io/openrec-image/user/8236662/823666191_202010211143.w90.ttl3600.png?format=png', 'l_icon_image_url': 'https://hayabusa.io/openrec-image/user/8236662/823666191_202010211143.w320.ttl3600.png?format=png', 'cover_image_url': 'https://hayabusa.io/openrec-image/user_background/8236662/823666191_202010211143.w210.ttl3600.png?format=png', 'l_cover_image_url': 'https://dqd0jw5gvbchn.cloudfront.net/user_background/8236662/823666191_202010211143.png', 'follows': 2, 'followers': 3677, 'is_premium': True, 'is_official': True, 'is_fresh': False, 'is_warned': False, 'is_team': False, 'is_league_yell': False, 'is_live': False, 'is_stats_hidden': False, 'live_views': 0, 'is_viewers_hidden': True, 'registered_at': '2020-10-19T20:34:04+09:00', 'last_updated_at': '2021-11-13T20:00:01+09:00', 'signed_in_with_facebook': None, 'signed_in_with_twitter': None, 'signed_in_with_google': None, 'signed_in_with_yahoo': None, 'signed_in_with_apple': None, 'user_status': 'special', 'is_creator': True, 'premium_start_at': None, 'premium_charge_type': None, 'premium_payment_status': None, 'has_ppv_permission': None, 'has_active_email_token': None, 'email': None, 'pending_email': None, 'twitter_screen_name': None, 'hidden_channels': None, 'has_confirmed_email': True, 'is_approved_account': True, 'blacklist_count': None, 'blacklist_limit': None}","{'name_color': '#2468DF', 'is_premium_hidden': False, 'is_official_hidden': False, 'is_subs_badge_hidden': False, 'is_subs_duration_hidden': False}",False,False,False,False,461938902,"[{'id': 1574, 'image_url': 'https://dqd0jw5gvbchn.cloudfront.net/badge/subscription/template/a9c440f7-c013-36a3-4484-3e412f520cc7.png', 'label': 'SS席', 'type': 'subscription', 'subscription': {'months': 13, 'tier': 2}}]",299,FES01,https://dqd0jw5gvbchn.cloudfront.net/yell/299/e40290c7cec606f0f867813e7a224bad976e2fac.gif,,,200,160,15,,tonden75,True,3743389,818717309,とんでん,,https://hayabusa.io/openrec-image/user/8187174/818717309.w90.ttl3600.v1602499023.png?format=png,https://hayabusa.io/openrec-image/user/8187174/818717309.w320.ttl3600.v1602499023.png?format=png,,,2,0,False,False,False,False,False,False,False,False,0,True,2020-10-12T19:37:03+09:00,,,,,,,bang,False,,,,,,,,,,True,True,,,1o8qe5j1g8k
10,613067,お疲れ様でした！ 楽しかったです！,2021-05-18T05:07:14+09:00,channel,"{'id': 299, 'name': 'FES01', 'image_url': 'https://dqd0jw5gvbchn.cloudfront.net/yell/299/e40290c7cec606f0f867813e7a224bad976e2fac.gif', 'image_url_small': '', 'animation_url': '', 'points': 200, 'yells': 160, 'ticker_seconds': 15, 'channel': None}","{'id': 'gogochance_555', 'registered_user_id': True, 'openrec_user_id': 4216821, 'recxuser_id': 969006040, 'nickname': 'のび太', 'introduction': '', 'icon_image_url': '', 'l_icon_image_url': '', 'cover_image_url': '', 'l_cover_image_url': '', 'follows': 1, 'followers': 0, 'is_premium': False, 'is_official': False, 'is_fresh': False, 'is_warned': False, 'is_team': False, 'is_league_yell': False, 'is_live': False, 'is_stats_hidden': False, 'live_views': 0, 'is_viewers_hidden': True, 'registered_at': '2021-05-11T00:26:12+09:00', 'last_updated_at': None, 'signed_in_with_facebook': None, 'signed_in_with_twitter': None, 'signed_in_with_google': None, 'signed_in_with_yahoo': None, 'signed_in_with_apple': None, 'user_status': 'bang', 'is_creator': False, 'premium_start_at': None, 'premium_charge_type': None, 'premium_payment_status': None, 'has_ppv_permission': None, 'has_active_email_token': None, 'email': None, 'pending_email': None, 'twitter_screen_name': None, 'hidden_channels': None, 'has_confirmed_email': True, 'is_approved_account': True, 'blacklist_count': None, 'blacklist_limit': None}","{'id': 'sagara_mayu', 'registered_user_id': True, 'openrec_user_id': 3758330, 'recxuser_id': 823666191, 'nickname': '相良茉優のFUN！FAN！FACTORY', 'introduction': '毎週月曜日配信の相良茉優がファンと一緒に楽しいことを作っていく番組です！\n\n番組推奨ハッシュタグ「#さがらFFF」\n是非ハッシュタグを付けて番組や相良茉優について呟いてください！\n\n「Discord」にてサブスク限定コミュニティも運営中！\n以下より連携方法をご確認ください。\nhttps://openrecnext.amebaownd.com/posts/11101764\n\n▼サブスク特典\nA席\n①メンバー限定放送・アーカイブ見放題\n②(入会初月のみ)翌月10日頃にOPENRECポイント300Pt付与\n③お誕生日月にお名前入り写真プレゼント(集合)※Discordにて前月中に申し込みの必要あり\n\nS席\n①メンバー限定放送・アーカイブ見放題\n②S席・SS席限定オフショット写真プレゼント\n③限定サイン入りチェキを抽選でプレゼント\n④(入会初月のみ)翌月10日頃にOPENRECポイント500Pt付与\n⑤お誕生日月にお名前入り写真プレゼント(個別)※Discordにて前月中に申し込みの必要あり\n\nSS席\n①メンバー限定配信・アーカイブ見放題\n②オフショット写真プレゼント\n③限定サイン入りチェキを抽選でプレゼント\n④視聴者参加型企画参加権利(抽選)\n⑤オフショット動画見放題\n⑥S席・SS席限定オフショット\n⑦(入会初月のみ)翌月10日頃にOPENRECポイント800Pt付与\n⑧お誕生日月にお名前をお呼びしたお祝い動画をプレゼント！\n\u3000(※Discordにて前月までに申し込みの必要あり)\n\n■相良茉優プロフィール\n京都府出身。4月17日生まれ。Digital Double所属。\n「アイドルメモリーズ」梶原未来で初めてのメインキャラを演じ、声優として活動を始める。\n2017年「ラブライブ！虹ヶ咲学園スクールアイドル同好会」で中須かすみに抜擢され、\n同作品のスクールアイドルとして現在放送中のアニメやゲーム・ライブで活動中。\n他にも、アプリ「ひぐらしのなく頃に命」(公由一穂)、アプリ「マギアレコード 魔法少女まどか☆マギカ外伝」(広江ちはる)等、多数作品に出演。2020年春に短編映画「時々は、眠れない夜に」に初めて実写での出演を果たした。\n', 'icon_image_url': 'https://hayabusa.io/openrec-image/user/8236662/823666191_202010211143.w90.ttl3600.png?format=png', 'l_icon_image_url': 'https://hayabusa.io/openrec-image/user/8236662/823666191_202010211143.w320.ttl3600.png?format=png', 'cover_image_url': 'https://hayabusa.io/openrec-image/user_background/8236662/823666191_202010211143.w210.ttl3600.png?format=png', 'l_cover_image_url': 'https://dqd0jw5gvbchn.cloudfront.net/user_background/8236662/823666191_202010211143.png', 'follows': 2, 'followers': 3677, 'is_premium': True, 'is_official': True, 'is_fresh': False, 'is_warned': False, 'is_team': False, 'is_league_yell': False, 'is_live': False, 'is_stats_hidden': False, 'live_views': 0, 'is_viewers_hidden': True, 'registered_at': '2020-10-19T20:34:04+09:00', 'last_updated_at': '2021-11-13T20:00:01+09:00', 'signed_in_with_facebook': None, 'signed_in_with_twitter': None, 'signed_in_with_google': None, 'signed_in_with_yahoo': None, 'signed_in_with_apple': None, 'user_status': 'special', 'is_creator': True, 'premium_start_at': None, 'premium_charge_type': None, 'premium_payment_status': None, 'has_ppv_permission': None, 'has_active_email_token': None, 'email': None, 'pending_email': None, 'twitter_screen_name': None, 'hidden_channels': None, 'has_confirmed_email': True, 'is_approved_account': True, 'blacklist_count': None, 'blacklist_limit': None}","{'name_color': '#F75D52', 'is_premium_hidden': False, 'is_official_hidden': False, 'is_subs_badge_hidden': False, 'is_subs_duration_hidden': False}",False,False,False,False,461938831,"[{'id': 1563, 'image_url': 'https://dqd0jw5gvbchn.cloudfront.net/badge/subscription/template/a9c440f7-c013-36a3-4484-3e412f520cc7.png', 'label': 'A席', 'type': 'subscription', 'subscription': {'months': 7, 'tier': 0}}]",299,FES01,https://dqd0jw5gvbchn.cloudfront.net/yell/299/e40290c7cec606f0f867813e7a224bad976e2fac.gif,,,200,160,15,,gogochance_555,True,4216821,969006040,のび太,,,,,,1,0,False,False,False,False,False,False,False,False,0,True,2021-05-11T00:26:12+09:00,,,,,,,bang,False,,,,,,,,,,True,True,,,1o8qe5j1g8k
11,613066,お疲れ様でした,2021-05-18T05:07:07+09:00,channel,"{'id': 299, 'name': 'FES01', 'image_url': 'https://dqd0jw5gvbchn.cloudfront.net/yell/299/e40290c7cec606f0f867813e7a224bad976e2fac.gif', 'image_url_small': '', 'animation_url': '', 'points': 200, 'yells': 160, 'ticker_seconds': 15, 'channel': None}","{'id': 'tyrsmkyu1547', 'registered_user_id': True, 'openrec_user_id': 3853855, 'recxuser_id': 848072699, 'nickname': 'トーマル', 'introduction': 'よろしくお願いします！', 'icon_image_url': 'https://hayabusa.io/openrec-image/user/8480727/848072699.w90.ttl3600.v1606741338.png?format=png', 'l_icon_image_url': 'https://hayabusa.io/openrec-image/user/8480727/848072699.w320.ttl3600.v1606741338.png?format=png', 'cover_image_url': '', 'l_cover_image_url': '', 'follows': 6, 'followers': 0, 'is_premium': True, 'is_official': False, 'is_fresh': False, 'is_warned': False, 'is_team': False, 'is_league_yell': False, 'is_live': False, 'is_stats_hidden': False, 'live_views': 0, 'is_viewers_hidden': True, 'registered_at': '2020-11-23T19:57:21+09:00', 'last_updated_at': None, 'signed_in_with_facebook': None, 'signed_in_with_twitter': None, 'signed_in_with_google': None, 'signed_in_with_yahoo': None, 'signed_in_with_apple': None, 'user_status': 'bang', 'is_creator': False, 'premium_start_at': None, 'premium_charge_type': None, 'premium_payment_status': None, 'has_ppv_permission': None, 'has_active_email_token': None, 'email': None, 'pending_email': None, 'twitter_screen_name': None, 'hidden_channels': None, 'has_confirmed_email': True, 'is_approved_account': True, 'blacklist_count': None, 'blacklist_limit': None}","{'id': 'sagara_mayu', 'registered_user_id': True, 'openrec_user_id': 3758330, 'recxuser_id': 823666191, 'nickname': '相良茉優のFUN！FAN！FACTORY', 'introduction': '毎週月曜日配信の相良茉優がファンと一緒に楽しいことを作っていく番組です！\n\n番組推奨ハッシュタグ「#さがらFFF」\n是非ハッシュタグを付けて番組や相良茉優について呟いてください！\n\n「Discord」にてサブスク限定コミュニティも運営中！\n以下より連携方法をご確認ください。\nhttps://openrecnext.amebaownd.com/posts/11101764\n\n▼サブスク特典\nA席\n①メンバー限定放送・アーカイブ見放題\n②(入会初月のみ)翌月10日頃にOPENRECポイント300Pt付与\n③お誕生日月にお名前入り写真プレゼント(集合)※Discordにて前月中に申し込みの必要あり\n\nS席\n①メンバー限定放送・アーカイブ見放題\n②S席・SS席限定オフショット写真プレゼント\n③限定サイン入りチェキを抽選でプレゼント\n④(入会初月のみ)翌月10日頃にOPENRECポイント500Pt付与\n⑤お誕生日月にお名前入り写真プレゼント(個別)※Discordにて前月中に申し込みの必要あり\n\nSS席\n①メンバー限定配信・アーカイブ見放題\n②オフショット写真プレゼント\n③限定サイン入りチェキを抽選でプレゼント\n④視聴者参加型企画参加権利(抽選)\n⑤オフショット動画見放題\n⑥S席・SS席限定オフショット\n⑦(入会初月のみ)翌月10日頃にOPENRECポイント800Pt付与\n⑧お誕生日月にお名前をお呼びしたお祝い動画をプレゼント！\n\u3000(※Discordにて前月までに申し込みの必要あり)\n\n■相良茉優プロフィール\n京都府出身。4月17日生まれ。Digital Double所属。\n「アイドルメモリーズ」梶原未来で初めてのメインキャラを演じ、声優として活動を始める。\n2017年「ラブライブ！虹ヶ咲学園スクールアイドル同好会」で中須かすみに抜擢され、\n同作品のスクールアイドルとして現在放送中のアニメやゲーム・ライブで活動中。\n他にも、アプリ「ひぐらしのなく頃に命」(公由一穂)、アプリ「マギアレコード 魔法少女まどか☆マギカ外伝」(広江ちはる)等、多数作品に出演。2020年春に短編映画「時々は、眠れない夜に」に初めて実写での出演を果たした。\n', 'icon_image_url': 'https://hayabusa.io/openrec-image/user/8236662/823666191_202010211143.w90.ttl3600.png?format=png', 'l_icon_image_url': 'https://hayabusa.io/openrec-image/user/8236662/823666191_202010211143.w320.ttl3600.png?format=png', 'cover_image_url': 'https://hayabusa.io/openrec-image/user_background/8236662/823666191_202010211143.w210.ttl3600.png?format=png', 'l_cover_image_url': 'https://dqd0jw5gvbchn.cloudfront.net/user_background/8236662/823666191_202010211143.png', 'follows': 2, 'followers': 3677, 'is_premium': True, 'is_official': True, 'is_fresh': False, 'is_warned': False, 'is_team': False, 'is_league_yell': False, 'is_live': False, 'is_stats_hidden': False, 'live_views': 0, 'is_viewers_hidden': True, 'registered_at': '2020-10-19T20:34:04+09:00', 'last_updated_at': '2021-11-13T20:00:01+09:00', 'signed_in_with_facebook': None, 'signed_in_with_twitter': None, 'signed_in_with_google': None, 'signed_in_with_yahoo': None, 'signed_in_with_apple': None, 'user_status': 'special', 'is_creator': True, 'premium_start_at': None, 'premium_charge_type': None, 'premium_payment_status': None, 'has_ppv_permission': None, 'has_active_email_token': None, 'email': None, 'pending_email': None, 'twitter_screen_name': None, 'hidden_channels': None, 'has_confirmed_email': True, 'is_approved_account': True, 'blacklist_count': None, 'blacklist_limit': None}","{'name_color': '#2468DF', 'is_premium_hidden': False, 'is_official_hidden': False, 'is_subs_badge_hidden': False, 'is_subs_duration_hidden': False}",False,False,False,False,461938813,"[{'id': 1574, 'image_url': 'https://dqd0jw5gvbchn.cloudfront.net/badge/subscription/template/a9c440f7-c013-36a3-4484-3e412f520cc7.png', 'label': 'SS席', 'type': 'subscription', 'subscription': {'months': 12, 'tier': 2}}]",299,FES01,https://dqd0jw5gvbchn.cloudfront.net/yell/299/e40290c7cec606f0f867813e7a224bad976e2fac.gif,,,200,160,15,,tyrsmkyu1547,True,3853855,848072699,トーマル,よろしくお願いします！,https://hayabusa.io/openrec-image/user/8480727/848072699.w90.ttl3600.v1606741338.png?format=png,https://hayabusa.io/openrec-image/user/8480727/848072699.w320.ttl3600.v1606741338.png?format=png,,,6,0,True,False,False,False,False,False,False,False,0,True,2020-11-23T19:57:21+09:00,,,,,,,bang,False,,,,,,,,,,True,True,,,1o8qe5j1g8k
12,613065,お疲れ様でした！,2021-05-18T05:06:43+09:00,channel,"{'id': 299, 'name': 'FES01', 'image_url': 'https://dqd0jw5gvbchn.cloudfront.net/yell/299/e40290c7cec606f0f867813e7a224bad976e2fac.gif', 'image_url_small': '', 'animation_url': '', 'points': 200, 'yells': 160, 'ticker_seconds': 15, 'channel': None}","{'id': 'matsu_bacchus', 'registered_user_id': True, 'openrec_user_id': 3804635, 'recxuser_id': 833352859, 'nickname': 'まっつぁん', 'introduction': '', 'icon_image_url': 'https://hayabusa.io/openrec-image/user/8333529/833352859.w90.ttl3600.v1604288610.png?format=png', 'l_icon_image_url': 'https://hayabusa.io/openrec-image/user/8333529/833352859.w320.ttl3600.v1604288610.png?format=png', 'cover_image_url': '', 'l_cover_image_url': '', 'follows': 1, 'followers': 0, 'is_premium': False, 'is_official': False, 'is_fresh': False, 'is_warned': False, 'is_team': False, 'is_league_yell': False, 'is_live': False, 'is_stats_hidden': False, 'live_views': 0, 'is_viewers_hidden': True, 'registered_at': '2020-11-02T12:43:30+09:00', 'last_updated_at': None, 'signed_in_with_facebook': None, 'signed_in_with_twitter': None, 'signed_in_with_google': None, 'signed_in_with_yahoo': None, 'signed_in_with_apple': None, 'user_status': 'bang', 'is_creator': False, 'premium_start_at': None, 'premium_charge_type': None, 'premium_payment_status': None, 'has_ppv_permission': None, 'has_active_email_token': None, 'email': None, 'pending_email': None, 'twitter_screen_name': None, 'hidden_channels': None, 'has_confirmed_email': True, 'is_approved_account': True, 'blacklist_count': None, 'blacklist_limit': None}","{'id': 'sagara_mayu', 'registered_user_id': True, 'openrec_user_id': 3758330, 'recxuser_id': 823666191, 'nickname': '相良茉優のFUN！FAN！FACTORY', 'introduction': '毎週月曜日配信の相良茉優がファンと一緒に楽しいことを作っていく番組です！\n\n番組推奨ハッシュタグ「#さがらFFF」\n是非ハッシュタグを付けて番組や相良茉優について呟いてください！\n\n「Discord」にてサブスク限定コミュニティも運営中！\n以下より連携方法をご確認ください。\nhttps://openrecnext.amebaownd.com/posts/11101764\n\n▼サブスク特典\nA席\n①メンバー限定放送・アーカイブ見放題\n②(入会初月のみ)翌月10日頃にOPENRECポイント300Pt付与\n③お誕生日月にお名前入り写真プレゼント(集合)※Discordにて前月中に申し込みの必要あり\n\nS席\n①メンバー限定放送・アーカイブ見放題\n②S席・SS席限定オフショット写真プレゼント\n③限定サイン入りチェキを抽選でプレゼント\n④(入会初月のみ)翌月10日頃にOPENRECポイント500Pt付与\n⑤お誕生日月にお名前入り写真プレゼント(個別)※Discordにて前月中に申し込みの必要あり\n\nSS席\n①メンバー限定配信・アーカイブ見放題\n②オフショット写真プレゼント\n③限定サイン入りチェキを抽選でプレゼント\n④視聴者参加型企画参加権利(抽選)\n⑤オフショット動画見放題\n⑥S席・SS席限定オフショット\n⑦(入会初月のみ)翌月10日頃にOPENRECポイント800Pt付与\n⑧お誕生日月にお名前をお呼びしたお祝い動画をプレゼント！\n\u3000(※Discordにて前月までに申し込みの必要あり)\n\n■相良茉優プロフィール\n京都府出身。4月17日生まれ。Digital Double所属。\n「アイドルメモリーズ」梶原未来で初めてのメインキャラを演じ、声優として活動を始める。\n2017年「ラブライブ！虹ヶ咲学園スクールアイドル同好会」で中須かすみに抜擢され、\n同作品のスクールアイドルとして現在放送中のアニメやゲーム・ライブで活動中。\n他にも、アプリ「ひぐらしのなく頃に命」(公由一穂)、アプリ「マギアレコード 魔法少女まどか☆マギカ外伝」(広江ちはる)等、多数作品に出演。2020年春に短編映画「時々は、眠れない夜に」に初めて実写での出演を果たした。\n', 'icon_image_url': 'https://hayabusa.io/openrec-image/user/8236662/823666191_202010211143.w90.ttl3600.png?format=png', 'l_icon_image_url': 'https://hayabusa.io/openrec-image/user/8236662/823666191_202010211143.w320.ttl3600.png?format=png', 'cover_image_url': 'https://hayabusa.io/openrec-image/user_background/8236662/823666191_202010211143.w210.ttl3600.png?format=png', 'l_cover_image_url': 'https://dqd0jw5gvbchn.cloudfront.net/user_background/8236662/823666191_202010211143.png', 'follows': 2, 'followers': 3677, 'is_premium': True, 'is_official': True, 'is_fresh': False, 'is_warned': False, 'is_team': False, 'is_league_yell': False, 'is_live': False, 'is_stats_hidden': False, 'live_views': 0, 'is_viewers_hidden': True, 'registered_at': '2020-10-19T20:34:04+09:00', 'last_updated_at': '2021-11-13T20:00:01+09:00', 'signed_in_with_facebook': None, 'signed_in_with_twitter': None, 'signed_in_with_google': None, 'signed_in_with_yahoo': None, 'signed_in_with_apple': None, 'user_status': 'special', 'is_creator': True, 'premium_start_at': None, 'premium_charge_type': None, 'premium_payment_status': None, 'has_ppv_permission': None, 'has_active_email_token': None, 'email': None, 'pending_email': None, 'twitter_screen_name': None, 'hidden_channels': None, 'has_confirmed_email': True, 'is_approved_account': True, 'blacklist_count': None, 'blacklist_limit': None}","{'name_color': '#2468DF', 'is_premium_hidden': False, 'is_official_hidden': False, 'is_subs_badge_hidden': False, 'is_subs_duration_hidden': False}",False,False,False,False,461938762,"[{'id': 1574, 'image_url': 'https://dqd0jw5gvbchn.cloudfront.net/badge/subscription/template/a9c440f7-c013-36a3-4484-3e412f520cc7.png', 'label': 'SS席', 'type': 'subscription', 'subscription': {'months': 13, 'tier': 2}}]",299,FES01,https://dqd0jw5gvbchn.cloudfront.net/yell/299/e40290c7cec606f0f867813e7a224bad976e2fac.gif,,,200,160,15,,matsu_bacchus,True,3804635,833352859,まっつぁん,,https://hayabusa.io/openrec-image/user/8333529/833352859.w90.ttl3600.v1604288610.png?format=png,https://hayabusa.io/openrec-image/user/8333529/833352859.w320.ttl3600.v1604288610.png?format=png,,,1,0,False,False,False,False,False,False,False,False,0,True,2020-11-02T12:43:30+09:00,,,,,,,bang,False,,,,,,,,,,True,True,,,1o8qe5j1g8k
13,613063,お疲れ様でした〜！到着楽しみにしてます〜！,2021-05-18T05:06:19+09:00,channel,"{'id': 299, 'name': 'FES01', 'image_url': 'https://dqd0jw5gvbchn.cloudfront.net/yell/299/e40290c7cec606f0f867813e7a224bad976e2fac.gif', 'image_url_small': '', 'animation_url': '', 'points': 200, 'yells': 160, 'ticker_seconds': 15, 'channel': None}","{'id': 'touchpen_taberu', 'registered_user_id': True, 'openrec_user_id': 4036923, 'recxuser_id': 862237641, 'nickname': 'あおさん', 'introduction': '', 'icon_image_url': '', 'l_icon_image_url': '', 'cover_image_url': '', 'l_cover_image_url': '', 'follows': 2, 'followers': 0, 'is_premium': False, 'is_official': False, 'is_fresh': False, 'is_warned': False, 'is_team': False, 'is_league_yell': False, 'is_live': False, 'is_stats_hidden': False, 'live_views': 0, 'is_viewers_hidden': True, 'registered_at': '2021-02-15T18:32:17+09:00', 'last_updated_at': None, 'signed_in_with_facebook': None, 'signed_in_with_twitter': None, 'signed_in_with_google': None, 'signed_in_with_yahoo': None, 'signed_in_with_apple': None, 'user_status': 'bang', 'is_creator': False, 'premium_start_at': None, 'premium_charge_type': None, 'premium_payment_status': None, 'has_ppv_permission': None, 'has_active_email_token': None, 'email': None, 'pending_email': None, 'twitter_screen_name': None, 'hidden_channels': None, 'has_confirmed_email': True, 'is_approved_account': True, 'blacklist_count': None, 'blacklist_limit': None}","{'id': 'sagara_mayu', 'registered_user_id': True, 'openrec_user_id': 3758330, 'recxuser_id': 823666191, 'nickname': '相良茉優のFUN！FAN！FACTORY', 'introduction': '毎週月曜日配信の相良茉優がファンと一緒に楽しいことを作っていく番組です！\n\n番組推奨ハッシュタグ「#さがらFFF」\n是非ハッシュタグを付けて番組や相良茉優について呟いてください！\n\n「Discord」にてサブスク限定コミュニティも運営中！\n以下より連携方法をご確認ください。\nhttps://openrecnext.amebaownd.com/posts/11101764\n\n▼サブスク特典\nA席\n①メンバー限定放送・アーカイブ見放題\n②(入会初月のみ)翌月10日頃にOPENRECポイント300Pt付与\n③お誕生日月にお名前入り写真プレゼント(集合)※Discordにて前月中に申し込みの必要あり\n\nS席\n①メンバー限定放送・アーカイブ見放題\n②S席・SS席限定オフショット写真プレゼント\n③限定サイン入りチェキを抽選でプレゼント\n④(入会初月のみ)翌月10日頃にOPENRECポイント500Pt付与\n⑤お誕生日月にお名前入り写真プレゼント(個別)※Discordにて前月中に申し込みの必要あり\n\nSS席\n①メンバー限定配信・アーカイブ見放題\n②オフショット写真プレゼント\n③限定サイン入りチェキを抽選でプレゼント\n④視聴者参加型企画参加権利(抽選)\n⑤オフショット動画見放題\n⑥S席・SS席限定オフショット\n⑦(入会初月のみ)翌月10日頃にOPENRECポイント800Pt付与\n⑧お誕生日月にお名前をお呼びしたお祝い動画をプレゼント！\n\u3000(※Discordにて前月までに申し込みの必要あり)\n\n■相良茉優プロフィール\n京都府出身。4月17日生まれ。Digital Double所属。\n「アイドルメモリーズ」梶原未来で初めてのメインキャラを演じ、声優として活動を始める。\n2017年「ラブライブ！虹ヶ咲学園スクールアイドル同好会」で中須かすみに抜擢され、\n同作品のスクールアイドルとして現在放送中のアニメやゲーム・ライブで活動中。\n他にも、アプリ「ひぐらしのなく頃に命」(公由一穂)、アプリ「マギアレコード 魔法少女まどか☆マギカ外伝」(広江ちはる)等、多数作品に出演。2020年春に短編映画「時々は、眠れない夜に」に初めて実写での出演を果たした。\n', 'icon_image_url': 'https://hayabusa.io/openrec-image/user/8236662/823666191_202010211143.w90.ttl3600.png?format=png', 'l_icon_image_url': 'https://hayabusa.io/openrec-image/user/8236662/823666191_202010211143.w320.ttl3600.png?format=png', 'cover_image_url': 'https://hayabusa.io/openrec-image/user_background/8236662/823666191_202010211143.w210.ttl3600.png?format=png', 'l_cover_image_url': 'https://dqd0jw5gvbchn.cloudfront.net/user_background/8236662/823666191_202010211143.png', 'follows': 2, 'followers': 3677, 'is_premium': True, 'is_official': True, 'is_fresh': False, 'is_warned': False, 'is_team': False, 'is_league_yell': False, 'is_live': False, 'is_stats_hidden': False, 'live_views': 0, 'is_viewers_hidden': True, 'registered_at': '2020-10-19T20:34:04+09:00', 'last_updated_at': '2021-11-13T20:00:01+09:00', 'signed_in_with_facebook': None, 'signed_in_with_twitter': None, 'signed_in_with_google': None, 'signed_in_with_yahoo': None, 'signed_in_with_apple': None, 'user_status': 'special', 'is_creator': True, 'premium_start_at': None, 'premium_charge_type': None, 'premium_payment_status': None, 'has_ppv_permission': None, 'has_active_email_token': None, 'email': None, 'pending_email': None, 'twitter_screen_name': None, 'hidden_channels': None, 'has_confirmed_email': True, 'is_approved_account': True, 'blacklist_count': None, 'blacklist_limit': None}","{'name_color': '#F6A434', 'is_premium_hidden': False, 'is_official_hidden': False, 'is_subs_badge_hidden': False, 'is_subs_duration_hidden': False}",False,False,False,False,461938696,"[{'id': 1574, 'image_url': 'https://dqd0jw5gvbchn.cloudfront.net/badge/subscription/template/a9c440f7-c013-36a3-4484-3e412f520cc7.png', 'label': 'SS席', 'type': 'subscription', 'subscription': {'months': 9, 'tier': 2}}]",299,FES01,https://dqd0jw5gvbchn.cloudfront.net/yell/299/e40290c7cec606f0f867813e7a224bad976e2fac.gif,,,200,160,15,,touchpen_taberu,True,4036923,862237641,あおさん,,,,,,2,0,False,False,False,False,False,False,False,False,0,True,2021-02-15T18:32:17+09:00,,,,,,,bang,False,,,,,,,,,,True,True,,,1o8qe5j1g8k
14,613064,おやすみなさい,2021-05-18T05:06:19+09:00,channel,"{'id': 299, 'name': 'FES01', 'image_url': 'https://dqd0jw5gvbchn.cloudfront.net/yell/299/e40290c7cec606f0f867813e7a224bad976e2fac.gif', 'image_url_small': '', 'animation_url': '', 'points': 200, 'yells': 160, 'ticker_seconds': 15, 'channel': None}","{'id': 'kanade_exvs', 'registered_user_id': True, 'openrec_user_id': 792040, 'recxuser_id': 106072564, 'nickname': 'かなで', 'introduction': '', 'icon_image_url': 'https://hayabusa.io/openrec-image/user/1060726/106072564.w90.ttl3600.v1498970380.png?format=png', 'l_icon_image_url': 'https://hayabusa.io/openrec-image/user/1060726/106072564.w320.ttl3600.v1498970380.png?format=png', 'cover_image_url': '', 'l_cover_image_url': '', 'follows': 1, 'followers': 0, 'is_premium': False, 'is_official': False, 'is_fresh': False, 'is_warned': False, 'is_team': False, 'is_league_yell': False, 'is_live': False, 'is_stats_hidden': False, 'live_views': 0, 'is_viewers_hidden': True, 'registered_at': '2017-07-02T13:39:39+09:00', 'last_updated_at': None, 'signed_in_with_facebook': None, 'signed_in_with_twitter': None, 'signed_in_with_google': None, 'signed_in_with_yahoo': None, 'signed_in_with_apple': None, 'user_status': 'bang', 'is_creator': False, 'premium_start_at': None, 'premium_charge_type': None, 'premium_payment_status': None, 'has_ppv_permission': None, 'has_active_email_token': None, 'email': None, 'pending_email': None, 'twitter_screen_name': None, 'hidden_channels': None, 'has_confirmed_email': True, 'is_approved_account': True, 'blacklist_count': None, 'blacklist_limit': None}","{'id': 'sagara_mayu', 'registered_user_id': True, 'openrec_user_id': 3758330, 'recxuser_id': 823666191, 'nickname': '相良茉優のFUN！FAN！FACTORY', 'introduction': '毎週月曜日配信の相良茉優がファンと一緒に楽しいことを作っていく番組です！\n\n番組推奨ハッシュタグ「#さがらFFF」\n是非ハッシュタグを付けて番組や相良茉優について呟いてください！\n\n「Discord」にてサブスク限定コミュニティも運営中！\n以下より連携方法をご確認ください。\nhttps://openrecnext.amebaownd.com/posts/11101764\n\n▼サブスク特典\nA席\n①メンバー限定放送・アーカイブ見放題\n②(入会初月のみ)翌月10日頃にOPENRECポイント300Pt付与\n③お誕生日月にお名前入り写真プレゼント(集合)※Discordにて前月中に申し込みの必要あり\n\nS席\n①メンバー限定放送・アーカイブ見放題\n②S席・SS席限定オフショット写真プレゼント\n③限定サイン入りチェキを抽選でプレゼント\n④(入会初月のみ)翌月10日頃にOPENRECポイント500Pt付与\n⑤お誕生日月にお名前入り写真プレゼント(個別)※Discordにて前月中に申し込みの必要あり\n\nSS席\n①メンバー限定配信・アーカイブ見放題\n②オフショット写真プレゼント\n③限定サイン入りチェキを抽選でプレゼント\n④視聴者参加型企画参加権利(抽選)\n⑤オフショット動画見放題\n⑥S席・SS席限定オフショット\n⑦(入会初月のみ)翌月10日頃にOPENRECポイント800Pt付与\n⑧お誕生日月にお名前をお呼びしたお祝い動画をプレゼント！\n\u3000(※Discordにて前月までに申し込みの必要あり)\n\n■相良茉優プロフィール\n京都府出身。4月17日生まれ。Digital Double所属。\n「アイドルメモリーズ」梶原未来で初めてのメインキャラを演じ、声優として活動を始める。\n2017年「ラブライブ！虹ヶ咲学園スクールアイドル同好会」で中須かすみに抜擢され、\n同作品のスクールアイドルとして現在放送中のアニメやゲーム・ライブで活動中。\n他にも、アプリ「ひぐらしのなく頃に命」(公由一穂)、アプリ「マギアレコード 魔法少女まどか☆マギカ外伝」(広江ちはる)等、多数作品に出演。2020年春に短編映画「時々は、眠れない夜に」に初めて実写での出演を果たした。\n', 'icon_image_url': 'https://hayabusa.io/openrec-image/user/8236662/823666191_202010211143.w90.ttl3600.png?format=png', 'l_icon_image_url': 'https://hayabusa.io/openrec-image/user/8236662/823666191_202010211143.w320.ttl3600.png?format=png', 'cover_image_url': 'https://hayabusa.io/openrec-image/user_background/8236662/823666191_202010211143.w210.ttl3600.png?format=png', 'l_cover_image_url': 'https://dqd0jw5gvbchn.cloudfront.net/user_background/8236662/823666191_202010211143.png', 'follows': 2, 'followers': 3677, 'is_premium': True, 'is_official': True, 'is_fresh': False, 'is_warned': False, 'is_team': False, 'is_league_yell': False, 'is_live': False, 'is_stats_hidden': False, 'live_views': 0, 'is_viewers_hidden': True, 'registered_at': '2020-10-19T20:34:04+09:00', 'last_updated_at': '2021-11-13T20:00:01+09:00', 'signed_in_with_facebook': None, 'signed_in_with_twitter': None, 'signed_in_with_google': None, 'signed_in_with_yahoo': None, 'signed_in_with_apple': None, 'user_status': 'special', 'is_creator': True, 'premium_start_at': None, 'premium_charge_type': None, 'premium_payment_status': None, 'has_ppv_permission': None, 'has_active_email_token': None, 'email': None, 'pending_email': None, 'twitter_screen_name': None, 'hidden_channels': None, 'has_confirmed_email': True, 'is_approved_account': True, 'blacklist_count': None, 'blacklist_limit': None}","{'name_color': '#34AEF6', 'is_premium_hidden': False, 'is_official_hidden': False, 'is_subs_badge_hidden': False, 'is_subs_duration_hidden': False}",False,False,False,False,461938697,"[{'id': 1574, 'image_url': 'https://dqd0jw5gvbchn.cloudfront.net/badge/subscription/template/a9c440f7-c013-36a3-4484-3e412f520cc7.png', 'label': 'SS席', 'type': 'subscription', 'subscription': {'months': 13, 'tier': 2}}]",299,FES01,https://dqd0jw5gvbchn.cloudfront.net/yell/299/e40290c7cec606f0f867813e7a224bad976e2fac.gif,,,200,160,15,,kanade_exvs,True,792040,106072564,かなで,,https://hayabusa.io/openrec-image/user/1060726/106072564.w90.ttl3600.v1498970380.png?format=png,https://hayabusa.io/openrec-image/user/1060726/106072564.w320.ttl3600.v1498970380.png?format=png,,,1,0,False,False,False,False,False,False,False,False,0,True,2017-07-02T13:39:39+09:00,,,,,,,bang,False,,,,,,,,,,True,True,,,1o8qe5j1g8k
15,613061,お疲れ様です！,2021-05-18T05:06:17+09:00,channel,"{'id': 299, 'name': 'FES01', 'image_url': 'https://dqd0jw5gvbchn.cloudfront.net/yell/299/e40290c7cec606f0f867813e7a224bad976e2fac.gif', 'image_url_small': '', 'animation_url': '', 'points': 200, 'yells': 160, 'ticker_seconds': 15, 'channel': None}","{'id': 'SakoAqours', 'registered_user_id': True, 'openrec_user_id': 4218636, 'recxuser_id': 969974396, 'nickname': 'Sako', 'introduction': '', 'icon_image_url': 'https://hayabusa.io/openrec-image/user/9699744/969974396.w90.ttl3600.v1620804144.png?format=png', 'l_icon_image_url': 'https://hayabusa.io/openrec-image/user/9699744/969974396.w320.ttl3600.v1620804144.png?format=png', 'cover_image_url': 'https://hayabusa.io/openrec-image/user_background/9699744/969974396_cover.w210.ttl3600.v1620804144.png?format=png', 'l_cover_image_url': 'https://dqd0jw5gvbchn.cloudfront.net/user_background/9699744/969974396_cover.png?1620804144', 'follows': 1, 'followers': 0, 'is_premium': False, 'is_official': False, 'is_fresh': False, 'is_warned': False, 'is_team': False, 'is_league_yell': False, 'is_live': False, 'is_stats_hidden': False, 'live_views': 0, 'is_viewers_hidden': True, 'registered_at': '2021-05-12T16:19:34+09:00', 'last_updated_at': None, 'signed_in_with_facebook': None, 'signed_in_with_twitter': None, 'signed_in_with_google': None, 'signed_in_with_yahoo': None, 'signed_in_with_apple': None, 'user_status': 'bang', 'is_creator': False, 'premium_start_at': None, 'premium_charge_type': None, 'premium_payment_status': None, 'has_ppv_permission': None, 'has_active_email_token': None, 'email': None, 'pending_email': None, 'twitter_screen_name': None, 'hidden_channels': None, 'has_confirmed_email': True, 'is_approved_account': True, 'blacklist_count': None, 'blacklist_limit': None}","{'id': 'sagara_mayu', 'registered_user_id': True, 'openrec_user_id': 3758330, 'recxuser_id': 823666191, 'nickname': '相良茉優のFUN！FAN！FACTORY', 'introduction': '毎週月曜日配信の相良茉優がファンと一緒に楽しいことを作っていく番組です！\n\n番組推奨ハッシュタグ「#さがらFFF」\n是非ハッシュタグを付けて番組や相良茉優について呟いてください！\n\n「Discord」にてサブスク限定コミュニティも運営中！\n以下より連携方法をご確認ください。\nhttps://openrecnext.amebaownd.com/posts/11101764\n\n▼サブスク特典\nA席\n①メンバー限定放送・アーカイブ見放題\n②(入会初月のみ)翌月10日頃にOPENRECポイント300Pt付与\n③お誕生日月にお名前入り写真プレゼント(集合)※Discordにて前月中に申し込みの必要あり\n\nS席\n①メンバー限定放送・アーカイブ見放題\n②S席・SS席限定オフショット写真プレゼント\n③限定サイン入りチェキを抽選でプレゼント\n④(入会初月のみ)翌月10日頃にOPENRECポイント500Pt付与\n⑤お誕生日月にお名前入り写真プレゼント(個別)※Discordにて前月中に申し込みの必要あり\n\nSS席\n①メンバー限定配信・アーカイブ見放題\n②オフショット写真プレゼント\n③限定サイン入りチェキを抽選でプレゼント\n④視聴者参加型企画参加権利(抽選)\n⑤オフショット動画見放題\n⑥S席・SS席限定オフショット\n⑦(入会初月のみ)翌月10日頃にOPENRECポイント800Pt付与\n⑧お誕生日月にお名前をお呼びしたお祝い動画をプレゼント！\n\u3000(※Discordにて前月までに申し込みの必要あり)\n\n■相良茉優プロフィール\n京都府出身。4月17日生まれ。Digital Double所属。\n「アイドルメモリーズ」梶原未来で初めてのメインキャラを演じ、声優として活動を始める。\n2017年「ラブライブ！虹ヶ咲学園スクールアイドル同好会」で中須かすみに抜擢され、\n同作品のスクールアイドルとして現在放送中のアニメやゲーム・ライブで活動中。\n他にも、アプリ「ひぐらしのなく頃に命」(公由一穂)、アプリ「マギアレコード 魔法少女まどか☆マギカ外伝」(広江ちはる)等、多数作品に出演。2020年春に短編映画「時々は、眠れない夜に」に初めて実写での出演を果たした。\n', 'icon_image_url': 'https://hayabusa.io/openrec-image/user/8236662/823666191_202010211143.w90.ttl3600.png?format=png', 'l_icon_image_url': 'https://hayabusa.io/openrec-image/user/8236662/823666191_202010211143.w320.ttl3600.png?format=png', 'cover_image_url': 'https://hayabusa.io/openrec-image/user_background/8236662/823666191_202010211143.w210.ttl3600.png?format=png', 'l_cover_image_url': 'https://dqd0jw5gvbchn.cloudfront.net/user_background/8236662/823666191_202010211143.png', 'follows': 2, 'followers': 3677, 'is_premium': True, 'is_official': True, 'is_fresh': False, 'is_warned': False, 'is_team': False, 'is_league_yell': False, 'is_live': False, 'is_stats_hidden': False, 'live_views': 0, 'is_viewers_hidden': True, 'registered_at': '2020-10-19T20:34:04+09:00', 'last_updated_at': '2021-11-13T20:00:01+09:00', 'signed_in_with_facebook': None, 'signed_in_with_twitter': None, 'signed_in_with_google': None, 'signed_in_with_yahoo': None, 'signed_in_with_apple': None, 'user_status': 'special', 'is_creator': True, 'premium_start_at': None, 'premium_charge_type': None, 'premium_payment_status': None, 'has_ppv_permission': None, 'has_active_email_token': None, 'email': None, 'pending_email': None, 'twitter_screen_name': None, 'hidden_channels': None, 'has_confirmed_email': True, 'is_approved_account': True, 'blacklist_count': None, 'blacklist_limit': None}","{'name_color': '#FB7642', 'is_premium_hidden': False, 'is_official_hidden': False, 'is_subs_badge_hidden': False, 'is_subs_duration_hidden': False}",False,False,False,False,461938690,"[{'id': 1573, 'image_url': 'https://dqd0jw5gvbchn.cloudfront.net/badge/subscription/template/a9c440f7-c013-36a3-4484-3e412f520cc7.png', 'label': 'S席', 'type': 'subscription', 'subscription': {'months': 7, 'tier': 1}}]",299,FES01,https://dqd0jw5gvbchn.cloudfront.net/yell/299/e40290c7cec606f0f867813e7a224bad976e2fac.gif,,,200,160,15,,SakoAqours,True,4218636,969974396,Sako,,https://hayabusa.io/openrec-image/user/9699744/969974396.w90.ttl3600.v1620804144.png?format=png,https://hayabusa.io/openrec-image/user/9699744/969974396.w320.ttl3600.v1620804144.png?format=png,https://hayabusa.io/openrec-image/user_background/9699744/969974396_cover.w210.ttl3600.v1620804144.png?format=png,https://dqd0jw5gvbchn.cloudfront.net/user_background/9699744/969974396_cover.png?1620804144,1,0,False,False,False,False,False,False,False,False,0,True,2021-05-12T16:19:34+09:00,,,,,,,bang,False,,,,,,,,,,True,True,,,1o8qe5j1g8k
16,613062,お疲れ様でした！自分も仕事頑張ってきます！,2021-05-18T05:06:17+09:00,channel,"{'id': 299, 'name': 'FES01', 'image_url': 'https://dqd0jw5gvbchn.cloudfront.net/yell/299/e40290c7cec606f0f867813e7a224bad976e2fac.gif', 'image_url_small': '', 'animation_url': '', 'points': 200, 'yells': 160, 'ticker_seconds': 15, 'channel': None}","{'id': 'nisemonoPND', 'registered_user_id': True, 'openrec_user_id': 3761145, 'recxuser_id': 825081625, 'nickname': 'にせぱん', 'introduction': '', 'icon_image_url': 'https://hayabusa.io/openrec-image/user/8250817/825081625.w90.ttl3600.v1631803107.png?format=png', 'l_icon_image_url': 'https://hayabusa.io/openrec-image/user/8250817/825081625.w320.ttl3600.v1631803107.png?format=png', 'cover_image_url': '', 'l_cover_image_url': '', 'follows': 5, 'followers': 0, 'is_premium': False, 'is_official': False, 'is_fresh': False, 'is_warned': False, 'is_team': False, 'is_league_yell': False, 'is_live': False, 'is_stats_hidden': False, 'live_views': 0, 'is_viewers_hidden': True, 'registered_at': '2020-10-21T22:05:37+09:00', 'last_updated_at': None, 'signed_in_with_facebook': None, 'signed_in_with_twitter': None, 'signed_in_with_google': None, 'signed_in_with_yahoo': None, 'signed_in_with_apple': None, 'user_status': 'bang', 'is_creator': False, 'premium_start_at': None, 'premium_charge_type': None, 'premium_payment_status': None, 'has_ppv_permission': None, 'has_active_email_token': None, 'email': None, 'pending_email': None, 'twitter_screen_name': None, 'hidden_channels': None, 'has_confirmed_email': True, 'is_approved_account': True, 'blacklist_count': None, 'blacklist_limit': None}","{'id': 'sagara_mayu', 'registered_user_id': True, 'openrec_user_id': 3758330, 'recxuser_id': 823666191, 'nickname': '相良茉優のFUN！FAN！FACTORY', 'introduction': '毎週月曜日配信の相良茉優がファンと一緒に楽しいことを作っていく番組です！\n\n番組推奨ハッシュタグ「#さがらFFF」\n是非ハッシュタグを付けて番組や相良茉優について呟いてください！\n\n「Discord」にてサブスク限定コミュニティも運営中！\n以下より連携方法をご確認ください。\nhttps://openrecnext.amebaownd.com/posts/11101764\n\n▼サブスク特典\nA席\n①メンバー限定放送・アーカイブ見放題\n②(入会初月のみ)翌月10日頃にOPENRECポイント300Pt付与\n③お誕生日月にお名前入り写真プレゼント(集合)※Discordにて前月中に申し込みの必要あり\n\nS席\n①メンバー限定放送・アーカイブ見放題\n②S席・SS席限定オフショット写真プレゼント\n③限定サイン入りチェキを抽選でプレゼント\n④(入会初月のみ)翌月10日頃にOPENRECポイント500Pt付与\n⑤お誕生日月にお名前入り写真プレゼント(個別)※Discordにて前月中に申し込みの必要あり\n\nSS席\n①メンバー限定配信・アーカイブ見放題\n②オフショット写真プレゼント\n③限定サイン入りチェキを抽選でプレゼント\n④視聴者参加型企画参加権利(抽選)\n⑤オフショット動画見放題\n⑥S席・SS席限定オフショット\n⑦(入会初月のみ)翌月10日頃にOPENRECポイント800Pt付与\n⑧お誕生日月にお名前をお呼びしたお祝い動画をプレゼント！\n\u3000(※Discordにて前月までに申し込みの必要あり)\n\n■相良茉優プロフィール\n京都府出身。4月17日生まれ。Digital Double所属。\n「アイドルメモリーズ」梶原未来で初めてのメインキャラを演じ、声優として活動を始める。\n2017年「ラブライブ！虹ヶ咲学園スクールアイドル同好会」で中須かすみに抜擢され、\n同作品のスクールアイドルとして現在放送中のアニメやゲーム・ライブで活動中。\n他にも、アプリ「ひぐらしのなく頃に命」(公由一穂)、アプリ「マギアレコード 魔法少女まどか☆マギカ外伝」(広江ちはる)等、多数作品に出演。2020年春に短編映画「時々は、眠れない夜に」に初めて実写での出演を果たした。\n', 'icon_image_url': 'https://hayabusa.io/openrec-image/user/8236662/823666191_202010211143.w90.ttl3600.png?format=png', 'l_icon_image_url': 'https://hayabusa.io/openrec-image/user/8236662/823666191_202010211143.w320.ttl3600.png?format=png', 'cover_image_url': 'https://hayabusa.io/openrec-image/user_background/8236662/823666191_202010211143.w210.ttl3600.png?format=png', 'l_cover_image_url': 'https://dqd0jw5gvbchn.cloudfront.net/user_background/8236662/823666191_202010211143.png', 'follows': 2, 'followers': 3677, 'is_premium': True, 'is_official': True, 'is_fresh': False, 'is_warned': False, 'is_team': False, 'is_league_yell': False, 'is_live': False, 'is_stats_hidden': False, 'live_views': 0, 'is_viewers_hidden': True, 'registered_at': '2020-10-19T20:34:04+09:00', 'last_updated_at': '2021-11-13T20:00:01+09:00', 'signed_in_with_facebook': None, 'signed_in_with_twitter': None, 'signed_in_with_google': None, 'signed_in_with_yahoo': None, 'signed_in_with_apple': None, 'user_status': 'special', 'is_creator': True, 'premium_start_at': None, 'premium_charge_type': None, 'premium_payment_status': None, 'has_ppv_permission': None, 'has_active_email_token': None, 'email': None, 'pending_email': None, 'twitter_screen_name': None, 'hidden_channels': None, 'has_confirmed_email': True, 'is_approved_account': True, 'blacklist_count': None, 'blacklist_limit': None}","{'name_color': '#E03B92', 'is_premium_hidden': False, 'is_official_hidden': False, 'is_subs_badge_hidden': False, 'is_subs_duration_hidden': False}",False,False,False,False,461938692,"[{'id': 1574, 'image_url': 'https://dqd0jw5gvbchn.cloudfront.net/badge/subscription/template/a9c440f7-c013-36a3-4484-3e412f520cc7.png', 'label': 'SS席', 'type': 'subscription', 'subscription': {'months': 13, 'tier': 2}}]",299,FES01,https://dqd0jw5gvbchn.cloudfront.net/yell/299/e40290c7cec606f0f867813e7a224bad976e2fac.gif,,,200,160,15,,nisemonoPND,True,3761145,825081625,にせぱん,,https://hayabusa.io/openrec-image/user/8250817/825081625.w90.ttl3600.v1631803107.png?format=png,https://hayabusa.io/openrec-image/user/8250817/825081625.w320.ttl3600.v1631803107.png?format=png,,,5,0,False,False,False,False,False,False,False,False,0,True,2020-10-21T22:05:37+09:00,,,,,,,bang,False,,,,,,,,,,True,True,,,1o8qe5j1g8k
17,613060,お疲れ様でした！,2021-05-18T05:06:09+09:00,channel,"{'id': 22, 'name': '400', 'image_url': 'https://dqd0jw5gvbchn.cloudfront.net/yell/22/2e6d5b4895ae00b656a700e2d25ef41e9e2600cd.gif', 'image_url_small': '', 'animation_url': '', 'points': 500, 'yells': 400, 'ticker_seconds': 20, 'channel': None}","{'id': 'turbooo_is_pooower', 'registered_user_id': True, 'openrec_user_id': 3761268, 'recxuser_id': 825121771, 'nickname': 'ター坊', 'introduction': '', 'icon_image_url': 'https://hayabusa.io/openrec-image/user/8251218/825121771.w90.ttl3600.v1603290647.png?format=png', 'l_icon_image_url': 'https://hayabusa.io/openrec-image/user/8251218/825121771.w320.ttl3600.v1603290647.png?format=png', 'cover_image_url': '', 'l_cover_image_url': '', 'follows': 1, 'followers': 0, 'is_premium': False, 'is_official': False, 'is_fresh': False, 'is_warned': False, 'is_team': False, 'is_league_yell': False, 'is_live': False, 'is_stats_hidden': False, 'live_views': 0, 'is_viewers_hidden': True, 'registered_at': '2020-10-21T23:30:46+09:00', 'last_updated_at': None, 'signed_in_with_facebook': None, 'signed_in_with_twitter': None, 'signed_in_with_google': None, 'signed_in_with_yahoo': None, 'signed_in_with_apple': None, 'user_status': 'bang', 'is_creator': False, 'premium_start_at': None, 'premium_charge_type': None, 'premium_payment_status': None, 'has_ppv_permission': None, 'has_active_email_token': None, 'email': None, 'pending_email': None, 'twitter_screen_name': None, 'hidden_channels': None, 'has_confirmed_email': True, 'is_approved_account': True, 'blacklist_count': None, 'blacklist_limit': None}","{'id': 'sagara_mayu', 'registered_user_id': True, 'openrec_user_id': 3758330, 'recxuser_id': 823666191, 'nickname': '相良茉優のFUN！FAN！FACTORY', 'introduction': '毎週月曜日配信の相良茉優がファンと一緒に楽しいことを作っていく番組です！\n\n番組推奨ハッシュタグ「#さがらFFF」\n是非ハッシュタグを付けて番組や相良茉優について呟いてください！\n\n「Discord」にてサブスク限定コミュニティも運営中！\n以下より連携方法をご確認ください。\nhttps://openrecnext.amebaownd.com/posts/11101764\n\n▼サブスク特典\nA席\n①メンバー限定放送・アーカイブ見放題\n②(入会初月のみ)翌月10日頃にOPENRECポイント300Pt付与\n③お誕生日月にお名前入り写真プレゼント(集合)※Discordにて前月中に申し込みの必要あり\n\nS席\n①メンバー限定放送・アーカイブ見放題\n②S席・SS席限定オフショット写真プレゼント\n③限定サイン入りチェキを抽選でプレゼント\n④(入会初月のみ)翌月10日頃にOPENRECポイント500Pt付与\n⑤お誕生日月にお名前入り写真プレゼント(個別)※Discordにて前月中に申し込みの必要あり\n\nSS席\n①メンバー限定配信・アーカイブ見放題\n②オフショット写真プレゼント\n③限定サイン入りチェキを抽選でプレゼント\n④視聴者参加型企画参加権利(抽選)\n⑤オフショット動画見放題\n⑥S席・SS席限定オフショット\n⑦(入会初月のみ)翌月10日頃にOPENRECポイント800Pt付与\n⑧お誕生日月にお名前をお呼びしたお祝い動画をプレゼント！\n\u3000(※Discordにて前月までに申し込みの必要あり)\n\n■相良茉優プロフィール\n京都府出身。4月17日生まれ。Digital Double所属。\n「アイドルメモリーズ」梶原未来で初めてのメインキャラを演じ、声優として活動を始める。\n2017年「ラブライブ！虹ヶ咲学園スクールアイドル同好会」で中須かすみに抜擢され、\n同作品のスクールアイドルとして現在放送中のアニメやゲーム・ライブで活動中。\n他にも、アプリ「ひぐらしのなく頃に命」(公由一穂)、アプリ「マギアレコード 魔法少女まどか☆マギカ外伝」(広江ちはる)等、多数作品に出演。2020年春に短編映画「時々は、眠れない夜に」に初めて実写での出演を果たした。\n', 'icon_image_url': 'https://hayabusa.io/openrec-image/user/8236662/823666191_202010211143.w90.ttl3600.png?format=png', 'l_icon_image_url': 'https://hayabusa.io/openrec-image/user/8236662/823666191_202010211143.w320.ttl3600.png?format=png', 'cover_image_url': 'https://hayabusa.io/openrec-image/user_background/8236662/823666191_202010211143.w210.ttl3600.png?format=png', 'l_cover_image_url': 'https://dqd0jw5gvbchn.cloudfront.net/user_background/8236662/823666191_202010211143.png', 'follows': 2, 'followers': 3677, 'is_premium': True, 'is_official': True, 'is_fresh': False, 'is_warned': False, 'is_team': False, 'is_league_yell': False, 'is_live': False, 'is_stats_hidden': False, 'live_views': 0, 'is_viewers_hidden': True, 'registered_at': '2020-10-19T20:34:04+09:00', 'last_updated_at': '2021-11-13T20:00:01+09:00', 'signed_in_with_facebook': None, 'signed_in_with_twitter': None, 'signed_in_with_google': None, 'signed_in_with_yahoo': None, 'signed_in_with_apple': None, 'user_status': 'special', 'is_creator': True, 'premium_start_at': None, 'premium_charge_type': None, 'premium_payment_status': None, 'has_ppv_permission': None, 'has_active_email_token': None, 'email': None, 'pending_email': None, 'twitter_screen_name': None, 'hidden_channels': None, 'has_confirmed_email': True, 'is_approved_account': True, 'blacklist_count': None, 'blacklist_limit': None}","{'name_color': '#F6A434', 'is_premium_hidden': False, 'is_official_hidden': False, 'is_subs_badge_hidden': False, 'is_subs_duration_hidden': False}",False,False,False,False,461938655,"[{'id': 1573, 'image_url': 'https://dqd0jw5gvbchn.cloudfront.net/badge/subscription/template/a9c440f7-c013-36a3-4484-3e412f520cc7.png', 'label': 'S席', 'type': 'subscription', 'subscription': {'months': 13, 'tier': 1}}]",22,400,https://dqd0jw5gvbchn.cloudfront.net/yell/22/2e6d5b4895ae00b656a700e2d25ef41e9e2600cd.gif,,,500,400,20,,turbooo_is_pooower,True,3761268,825121771,ター坊,,https://hayabusa.io/openrec-image/user/8251218/825121771.w90.ttl3600.v1603290647.png?format=png,https://hayabusa.io/openrec-image/user/8251218/825121771.w320.ttl3600.v1603290647.png?format=png,,,1,0,False,False,False,False,False,False,False,False,0,True,2020-10-21T23:30:46+09:00,,,,,,,bang,False,,,,,,,,,,True,True,,,1o8qe5j1g8k
18,613059,お疲れ様でした！初めて深夜放送完走出来ました,2021-05-18T05:05:26+09:00,channel,"{'id': 299, 'name': 'FES01', 'image_url': 'https://dqd0jw5gvbchn.cloudfront.net/yell/299/e40290c7cec606f0f867813e7a224bad976e2fac.gif', 'image_url_small': '', 'animation_url': '', 'points': 200, 'yells': 160, 'ticker_seconds': 15, 'channel': None}","{'id': 'mesaia33', 'registered_user_id': True, 'openrec_user_id': 4050729, 'recxuser_id': 911573937, 'nickname': 'ばーぜ', 'introduction': '', 'icon_image_url': 'https://hayabusa.io/openrec-image/user/9115740/911573937.w90.ttl3600.v1621279472.png?format=png', 'l_icon_image_url': 'https://hayabusa.io/openrec-image/user/9115740/911573937.w320.ttl3600.v1621279472.png?format=png', 'cover_image_url': '', 'l_cover_image_url': '', 'follows': 2, 'followers': 0, 'is_premium': False, 'is_official': False, 'is_fresh': False, 'is_warned': False, 'is_team': False, 'is_league_yell': False, 'is_live': False, 'is_stats_hidden': False, 'live_views': 0, 'is_viewers_hidden': True, 'registered_at': '2021-02-22T19:27:55+09:00', 'last_updated_at': None, 'signed_in_with_facebook': None, 'signed_in_with_twitter': None, 'signed_in_with_google': None, 'signed_in_with_yahoo': None, 'signed_in_with_apple': None, 'user_status': 'bang', 'is_creator': False, 'premium_start_at': None, 'premium_charge_type': None, 'premium_payment_status': None, 'has_ppv_permission': None, 'has_active_email_token': None, 'email': None, 'pending_email': None, 'twitter_screen_name': None, 'hidden_channels': None, 'has_confirmed_email': True, 'is_approved_account': True, 'blacklist_count': None, 'blacklist_limit': None}","{'id': 'sagara_mayu', 'registered_user_id': True, 'openrec_user_id': 3758330, 'recxuser_id': 823666191, 'nickname': '相良茉優のFUN！FAN！FACTORY', 'introduction': '毎週月曜日配信の相良茉優がファンと一緒に楽しいことを作っていく番組です！\n\n番組推奨ハッシュタグ「#さがらFFF」\n是非ハッシュタグを付けて番組や相良茉優について呟いてください！\n\n「Discord」にてサブスク限定コミュニティも運営中！\n以下より連携方法をご確認ください。\nhttps://openrecnext.amebaownd.com/posts/11101764\n\n▼サブスク特典\nA席\n①メンバー限定放送・アーカイブ見放題\n②(入会初月のみ)翌月10日頃にOPENRECポイント300Pt付与\n③お誕生日月にお名前入り写真プレゼント(集合)※Discordにて前月中に申し込みの必要あり\n\nS席\n①メンバー限定放送・アーカイブ見放題\n②S席・SS席限定オフショット写真プレゼント\n③限定サイン入りチェキを抽選でプレゼント\n④(入会初月のみ)翌月10日頃にOPENRECポイント500Pt付与\n⑤お誕生日月にお名前入り写真プレゼント(個別)※Discordにて前月中に申し込みの必要あり\n\nSS席\n①メンバー限定配信・アーカイブ見放題\n②オフショット写真プレゼント\n③限定サイン入りチェキを抽選でプレゼント\n④視聴者参加型企画参加権利(抽選)\n⑤オフショット動画見放題\n⑥S席・SS席限定オフショット\n⑦(入会初月のみ)翌月10日頃にOPENRECポイント800Pt付与\n⑧お誕生日月にお名前をお呼びしたお祝い動画をプレゼント！\n\u3000(※Discordにて前月までに申し込みの必要あり)\n\n■相良茉優プロフィール\n京都府出身。4月17日生まれ。Digital Double所属。\n「アイドルメモリーズ」梶原未来で初めてのメインキャラを演じ、声優として活動を始める。\n2017年「ラブライブ！虹ヶ咲学園スクールアイドル同好会」で中須かすみに抜擢され、\n同作品のスクールアイドルとして現在放送中のアニメやゲーム・ライブで活動中。\n他にも、アプリ「ひぐらしのなく頃に命」(公由一穂)、アプリ「マギアレコード 魔法少女まどか☆マギカ外伝」(広江ちはる)等、多数作品に出演。2020年春に短編映画「時々は、眠れない夜に」に初めて実写での出演を果たした。\n', 'icon_image_url': 'https://hayabusa.io/openrec-image/user/8236662/823666191_202010211143.w90.ttl3600.png?format=png', 'l_icon_image_url': 'https://hayabusa.io/openrec-image/user/8236662/823666191_202010211143.w320.ttl3600.png?format=png', 'cover_image_url': 'https://hayabusa.io/openrec-image/user_background/8236662/823666191_202010211143.w210.ttl3600.png?format=png', 'l_cover_image_url': 'https://dqd0jw5gvbchn.cloudfront.net/user_background/8236662/823666191_202010211143.png', 'follows': 2, 'followers': 3677, 'is_premium': True, 'is_official': True, 'is_fresh': False, 'is_warned': False, 'is_team': False, 'is_league_yell': False, 'is_live': False, 'is_stats_hidden': False, 'live_views': 0, 'is_viewers_hidden': True, 'registered_at': '2020-10-19T20:34:04+09:00', 'last_updated_at': '2021-11-13T20:00:01+09:00', 'signed_in_with_facebook': None, 'signed_in_with_twitter': None, 'signed_in_with_google': None, 'signed_in_with_yahoo': None, 'signed_in_with_apple': None, 'user_status': 'special', 'is_creator': True, 'premium_start_at': None, 'premium_charge_type': None, 'premium_payment_status': None, 'has_ppv_permission': None, 'has_active_email_token': None, 'email': None, 'pending_email': None, 'twitter_screen_name': None, 'hidden_channels': None, 'has_confirmed_email': True, 'is_approved_account': True, 'blacklist_count': None, 'blacklist_limit': None}","{'name_color': '#B6FF59', 'is_premium_hidden': False, 'is_official_hidden': False, 'is_subs_badge_hidden': False, 'is_subs_duration_hidden': False}",False,False,False,False,461938570,"[{'id': 1574, 'image_url': 'https://dqd0jw5gvbchn.cloudfront.net/badge/subscription/template/a9c440f7-c013-36a3-4484-3e412f520cc7.png', 'label': 'SS席', 'type': 'subscription', 'subscription': {'months': 9, 'tier': 2}}]",299,FES01,https://dqd0jw5gvbchn.cloudfront.net/yell/299/e40290c7cec606f0f867813e7a224bad976e2fac.gif,,,200,160,15,,mesaia33,True,4050729,911573937,ばーぜ,,https://hayabusa.io/openrec-image/user/9115740/911573937.w90.ttl3600.v1621279472.png?format=png,https://hayabusa.io/openrec-image/user/9115740/911573937.w320.ttl3600.v1621279472.png?format=png,,,2,0,False,False,False,False,False,False,False,False,0,True,2021-02-22T19:27:55+09:00,,,,,,,bang,False,,,,,,,,,,True,True,,,1o8qe5j1g8k
19,613058,お疲れ様です！,2021-05-18T05:04:58+09:00,channel,"{'id': 299, 'name': 'FES01', 'image_url': 'https://dqd0jw5gvbchn.cloudfront.net/yell/299/e40290c7cec606f0f867813e7a224bad976e2fac.gif', 'image_url_small': '', 'animation_url': '', 'points': 200, 'yells': 160, 'ticker_seconds': 15, 'channel': None}","{'id': 'shiratarin', 'registered_user_id': True, 'openrec_user_id': 3806453, 'recxuser_id': 833567301, 'nickname': 'びんいろ', 'introduction': None, 'icon_image_url': '', 'l_icon_image_url': '', 'cover_image_url': '', 'l_cover_image_url': '', 'follows': 7, 'followers': 0, 'is_premium': False, 'is_official': False, 'is_fresh': False, 'is_warned': False, 'is_team': False, 'is_league_yell': False, 'is_live': False, 'is_stats_hidden': False, 'live_views': 0, 'is_viewers_hidden': True, 'registered_at': '2020-11-02T21:50:23+09:00', 'last_updated_at': None, 'signed_in_with_facebook': None, 'signed_in_with_twitter': None, 'signed_in_with_google': None, 'signed_in_with_yahoo': None, 'signed_in_with_apple': None, 'user_status': 'bang', 'is_creator': False, 'premium_start_at': None, 'premium_charge_type': None, 'premium_payment_status': None, 'has_ppv_permission': None, 'has_active_email_token': None, 'email': None, 'pending_email': None, 'twitter_screen_name': None, 'hidden_channels': None, 'has_confirmed_email': True, 'is_approved_account': True, 'blacklist_count': None, 'blacklist_limit': None}","{'id': 'sagara_mayu', 'registered_user_id': True, 'openrec_user_id': 3758330, 'recxuser_id': 823666191, 'nickname': '相良茉優のFUN！FAN！FACTORY', 'introduction': '毎週月曜日配信の相良茉優がファンと一緒に楽しいことを作っていく番組です！\n\n番組推奨ハッシュタグ「#さがらFFF」\n是非ハッシュタグを付けて番組や相良茉優について呟いてください！\n\n「Discord」にてサブスク限定コミュニティも運営中！\n以下より連携方法をご確認ください。\nhttps://openrecnext.amebaownd.com/posts/11101764\n\n▼サブスク特典\nA席\n①メンバー限定放送・アーカイブ見放題\n②(入会初月のみ)翌月10日頃にOPENRECポイント300Pt付与\n③お誕生日月にお名前入り写真プレゼント(集合)※Discordにて前月中に申し込みの必要あり\n\nS席\n①メンバー限定放送・アーカイブ見放題\n②S席・SS席限定オフショット写真プレゼント\n③限定サイン入りチェキを抽選でプレゼント\n④(入会初月のみ)翌月10日頃にOPENRECポイント500Pt付与\n⑤お誕生日月にお名前入り写真プレゼント(個別)※Discordにて前月中に申し込みの必要あり\n\nSS席\n①メンバー限定配信・アーカイブ見放題\n②オフショット写真プレゼント\n③限定サイン入りチェキを抽選でプレゼント\n④視聴者参加型企画参加権利(抽選)\n⑤オフショット動画見放題\n⑥S席・SS席限定オフショット\n⑦(入会初月のみ)翌月10日頃にOPENRECポイント800Pt付与\n⑧お誕生日月にお名前をお呼びしたお祝い動画をプレゼント！\n\u3000(※Discordにて前月までに申し込みの必要あり)\n\n■相良茉優プロフィール\n京都府出身。4月17日生まれ。Digital Double所属。\n「アイドルメモリーズ」梶原未来で初めてのメインキャラを演じ、声優として活動を始める。\n2017年「ラブライブ！虹ヶ咲学園スクールアイドル同好会」で中須かすみに抜擢され、\n同作品のスクールアイドルとして現在放送中のアニメやゲーム・ライブで活動中。\n他にも、アプリ「ひぐらしのなく頃に命」(公由一穂)、アプリ「マギアレコード 魔法少女まどか☆マギカ外伝」(広江ちはる)等、多数作品に出演。2020年春に短編映画「時々は、眠れない夜に」に初めて実写での出演を果たした。\n', 'icon_image_url': 'https://hayabusa.io/openrec-image/user/8236662/823666191_202010211143.w90.ttl3600.png?format=png', 'l_icon_image_url': 'https://hayabusa.io/openrec-image/user/8236662/823666191_202010211143.w320.ttl3600.png?format=png', 'cover_image_url': 'https://hayabusa.io/openrec-image/user_background/8236662/823666191_202010211143.w210.ttl3600.png?format=png', 'l_cover_image_url': 'https://dqd0jw5gvbchn.cloudfront.net/user_background/8236662/823666191_202010211143.png', 'follows': 2, 'followers': 3677, 'is_premium': True, 'is_official': True, 'is_fresh': False, 'is_warned': False, 'is_team': False, 'is_league_yell': False, 'is_live': False, 'is_stats_hidden': False, 'live_views': 0, 'is_viewers_hidden': True, 'registered_at': '2020-10-19T20:34:04+09:00', 'last_updated_at': '2021-11-13T20:00:01+09:00', 'signed_in_with_facebook': None, 'signed_in_with_twitter': None, 'signed_in_with_google': None, 'signed_in_with_yahoo': None, 'signed_in_with_apple': None, 'user_status': 'special', 'is_creator': True, 'premium_start_at': None, 'premium_charge_type': None, 'premium_payment_status': None, 'has_ppv_permission': None, 'has_active_email_token': None, 'email': None, 'pending_email': None, 'twitter_screen_name': None, 'hidden_channels': None, 'has_confirmed_email': True, 'is_approved_account': True, 'blacklist_count': None, 'blacklist_limit': None}","{'name_color': '#F6A434', 'is_premium_hidden': False, 'is_official_hidden': False, 'is_subs_badge_hidden': False, 'is_subs_duration_hidden': False}",False,False,False,False,461938534,"[{'id': 1563, 'image_url': 'https://dqd0jw5gvbchn.cloudfront.net/badge/subscription/template/a9c440f7-c013-36a3-4484-3e412f520cc7.png', 'label': 'A席', 'type': 'subscription', 'subscription': {'months': 13, 'tier': 0}}]",299,FES01,https://dqd0jw5gvbchn.cloudfront.net/yell/299/e40290c7cec606f0f867813e7a224bad976e2fac.gif,,,200,160,15,,shiratarin,True,3806453,833567301,びんいろ,,,,,,7,0,False,False,False,False,False,False,False,False,0,True,2020-11-02T21:50:23+09:00,,,,,,,bang,False,,,,,,,,,,True,True,,,1o8qe5j1g8k
20,613057,朝までお疲れ様でした！お二人ともゆっくり休んでくださいねー,2021-05-18T05:04:46+09:00,channel,"{'id': 21, 'name': '240', 'image_url': 'https://dqd0jw5gvbchn.cloudfront.net/yell/21/4672e33ca0c66f2e0f74e7cbc210b4389b2a1ed6.png', 'image_url_small': '', 'animation_url': '', 'points': 300, 'yells': 240, 'ticker_seconds': 15, 'channel': None}","{'id': 'nanocolon_bang', 'registered_user_id': True, 'openrec_user_id': 3467404, 'recxuser_id': 768019583, 'nickname': 'ナノコロ', 'introduction': '', 'icon_image_url': 'https://hayabusa.io/openrec-image/user/7680196/768019583.w90.ttl3600.v1596619479.png?format=png', 'l_icon_image_url': 'https://hayabusa.io/openrec-image/user/7680196/768019583.w320.ttl3600.v1596619479.png?format=png', 'cover_image_url': '', 'l_cover_image_url': '', 'follows': 5, 'followers': 0, 'is_premium': False, 'is_official': False, 'is_fresh': False, 'is_warned': False, 'is_team': False, 'is_league_yell': False, 'is_live': False, 'is_stats_hidden': False, 'live_views': 0, 'is_viewers_hidden': True, 'registered_at': '2020-08-05T18:24:38+09:00', 'last_updated_at': None, 'signed_in_with_facebook': None, 'signed_in_with_twitter': None, 'signed_in_with_google': None, 'signed_in_with_yahoo': None, 'signed_in_with_apple': None, 'user_status': 'bang', 'is_creator': False, 'premium_start_at': None, 'premium_charge_type': None, 'premium_payment_status': None, 'has_ppv_permission': None, 'has_active_email_token': None, 'email': None, 'pending_email': None, 'twitter_screen_name': None, 'hidden_channels': None, 'has_confirmed_email': True, 'is_approved_account': True, 'blacklist_count': None, 'blacklist_limit': None}","{'id': 'sagara_mayu', 'registered_user_id': True, 'openrec_user_id': 3758330, 'recxuser_id': 823666191, 'nickname': '相良茉優のFUN！FAN！FACTORY', 'introduction': '毎週月曜日配信の相良茉優がファンと一緒に楽しいことを作っていく番組です！\n\n番組推奨ハッシュタグ「#さがらFFF」\n是非ハッシュタグを付けて番組や相良茉優について呟いてください！\n\n「Discord」にてサブスク限定コミュニティも運営中！\n以下より連携方法をご確認ください。\nhttps://openrecnext.amebaownd.com/posts/11101764\n\n▼サブスク特典\nA席\n①メンバー限定放送・アーカイブ見放題\n②(入会初月のみ)翌月10日頃にOPENRECポイント300Pt付与\n③お誕生日月にお名前入り写真プレゼント(集合)※Discordにて前月中に申し込みの必要あり\n\nS席\n①メンバー限定放送・アーカイブ見放題\n②S席・SS席限定オフショット写真プレゼント\n③限定サイン入りチェキを抽選でプレゼント\n④(入会初月のみ)翌月10日頃にOPENRECポイント500Pt付与\n⑤お誕生日月にお名前入り写真プレゼント(個別)※Discordにて前月中に申し込みの必要あり\n\nSS席\n①メンバー限定配信・アーカイブ見放題\n②オフショット写真プレゼント\n③限定サイン入りチェキを抽選でプレゼント\n④視聴者参加型企画参加権利(抽選)\n⑤オフショット動画見放題\n⑥S席・SS席限定オフショット\n⑦(入会初月のみ)翌月10日頃にOPENRECポイント800Pt付与\n⑧お誕生日月にお名前をお呼びしたお祝い動画をプレゼント！\n\u3000(※Discordにて前月までに申し込みの必要あり)\n\n■相良茉優プロフィール\n京都府出身。4月17日生まれ。Digital Double所属。\n「アイドルメモリーズ」梶原未来で初めてのメインキャラを演じ、声優として活動を始める。\n2017年「ラブライブ！虹ヶ咲学園スクールアイドル同好会」で中須かすみに抜擢され、\n同作品のスクールアイドルとして現在放送中のアニメやゲーム・ライブで活動中。\n他にも、アプリ「ひぐらしのなく頃に命」(公由一穂)、アプリ「マギアレコード 魔法少女まどか☆マギカ外伝」(広江ちはる)等、多数作品に出演。2020年春に短編映画「時々は、眠れない夜に」に初めて実写での出演を果たした。\n', 'icon_image_url': 'https://hayabusa.io/openrec-image/user/8236662/823666191_202010211143.w90.ttl3600.png?format=png', 'l_icon_image_url': 'https://hayabusa.io/openrec-image/user/8236662/823666191_202010211143.w320.ttl3600.png?format=png', 'cover_image_url': 'https://hayabusa.io/openrec-image/user_background/8236662/823666191_202010211143.w210.ttl3600.png?format=png', 'l_cover_image_url': 'https://dqd0jw5gvbchn.cloudfront.net/user_background/8236662/823666191_202010211143.png', 'follows': 2, 'followers': 3677, 'is_premium': True, 'is_official': True, 'is_fresh': False, 'is_warned': False, 'is_team': False, 'is_league_yell': False, 'is_live': False, 'is_stats_hidden': False, 'live_views': 0, 'is_viewers_hidden': True, 'registered_at': '2020-10-19T20:34:04+09:00', 'last_updated_at': '2021-11-13T20:00:01+09:00', 'signed_in_with_facebook': None, 'signed_in_with_twitter': None, 'signed_in_with_google': None, 'signed_in_with_yahoo': None, 'signed_in_with_apple': None, 'user_status': 'special', 'is_creator': True, 'premium_start_at': None, 'premium_charge_type': None, 'premium_payment_status': None, 'has_ppv_permission': None, 'has_active_email_token': None, 'email': None, 'pending_email': None, 'twitter_screen_name': None, 'hidden_channels': None, 'has_confirmed_email': True, 'is_approved_account': True, 'blacklist_count': None, 'blacklist_limit': None}","{'name_color': '#94FF0D', 'is_premium_hidden': False, 'is_official_hidden': False, 'is_subs_badge_hidden': False, 'is_subs_duration_hidden': False}",False,False,False,False,461938526,"[{'id': 1563, 'image_url': 'https://dqd0jw5gvbchn.cloudfront.net/badge/subscription/template/a9c440f7-c013-36a3-4484-3e412f520cc7.png', 'label': 'A席', 'type': 'subscription', 'subscription': {'months': 8, 'tier': 0}}]",21,240,https://dqd0jw5gvbchn.cloudfront.net/yell/21/4672e33ca0c66f2e0f74e7cbc210b4389b2a1ed6.png,,,300,240,15,,nanocolon_bang,True,3467404,768019583,ナノコロ,,https://hayabusa.io/openrec-image/user/7680196/768019583.w90.ttl3600.v1596619479.png?format=png,https://hayabusa.io/openrec-image/user/7680196/768019583.w320.ttl3600.v1596619479.png?format=png,,,5,0,False,False,False,False,False,False,False,False,0,True,2020-08-05T18:24:38+09:00,,,,,,,bang,False,,,,,,,,,,True,True,,,1o8qe5j1g8k
21,613056,今週も長時間お疲れ様です！,2021-05-18T05:04:34+09:00,channel,"{'id': 299, 'name': 'FES01', 'image_url': 'https://dqd0jw5gvbchn.cloudfront.net/yell/299/e40290c7cec606f0f867813e7a224bad976e2fac.gif', 'image_url_small': '', 'animation_url': '', 'points': 200, 'yells': 160, 'ticker_seconds': 15, 'channel': None}","{'id': 'sakurada6350', 'registered_user_id': True, 'openrec_user_id': 4024744, 'recxuser_id': 891790108, 'nickname': 'さくらだ', 'introduction': '', 'icon_image_url': 'https://hayabusa.io/openrec-image/user/8917902/891790108.w90.ttl3600.v1621280044.png?format=png', 'l_icon_image_url': 'https://hayabusa.io/openrec-image/user/8917902/891790108.w320.ttl3600.v1621280044.png?format=png', 'cover_image_url': 'https://hayabusa.io/openrec-image/user_background/8917902/891790108_cover.w210.ttl3600.v1618232033.png?format=png', 'l_cover_image_url': 'https://dqd0jw5gvbchn.cloudfront.net/user_background/8917902/891790108_cover.png?1618232033', 'follows': 1, 'followers': 0, 'is_premium': False, 'is_official': False, 'is_fresh': False, 'is_warned': False, 'is_team': False, 'is_league_yell': False, 'is_live': False, 'is_stats_hidden': False, 'live_views': 0, 'is_viewers_hidden': True, 'registered_at': '2021-02-08T21:42:07+09:00', 'last_updated_at': None, 'signed_in_with_facebook': None, 'signed_in_with_twitter': None, 'signed_in_with_google': None, 'signed_in_with_yahoo': None, 'signed_in_with_apple': None, 'user_status': 'bang', 'is_creator': False, 'premium_start_at': None, 'premium_charge_type': None, 'premium_payment_status': None, 'has_ppv_permission': None, 'has_active_email_token': None, 'email': None, 'pending_email': None, 'twitter_screen_name': None, 'hidden_channels': None, 'has_confirmed_email': True, 'is_approved_account': True, 'blacklist_count': None, 'blacklist_limit': None}","{'id': 'sagara_mayu', 'registered_user_id': True, 'openrec_user_id': 3758330, 'recxuser_id': 823666191, 'nickname': '相良茉優のFUN！FAN！FACTORY', 'introduction': '毎週月曜日配信の相良茉優がファンと一緒に楽しいことを作っていく番組です！\n\n番組推奨ハッシュタグ「#さがらFFF」\n是非ハッシュタグを付けて番組や相良茉優について呟いてください！\n\n「Discord」にてサブスク限定コミュニティも運営中！\n以下より連携方法をご確認ください。\nhttps://openrecnext.amebaownd.com/posts/11101764\n\n▼サブスク特典\nA席\n①メンバー限定放送・アーカイブ見放題\n②(入会初月のみ)翌月10日頃にOPENRECポイント300Pt付与\n③お誕生日月にお名前入り写真プレゼント(集合)※Discordにて前月中に申し込みの必要あり\n\nS席\n①メンバー限定放送・アーカイブ見放題\n②S席・SS席限定オフショット写真プレゼント\n③限定サイン入りチェキを抽選でプレゼント\n④(入会初月のみ)翌月10日頃にOPENRECポイント500Pt付与\n⑤お誕生日月にお名前入り写真プレゼント(個別)※Discordにて前月中に申し込みの必要あり\n\nSS席\n①メンバー限定配信・アーカイブ見放題\n②オフショット写真プレゼント\n③限定サイン入りチェキを抽選でプレゼント\n④視聴者参加型企画参加権利(抽選)\n⑤オフショット動画見放題\n⑥S席・SS席限定オフショット\n⑦(入会初月のみ)翌月10日頃にOPENRECポイント800Pt付与\n⑧お誕生日月にお名前をお呼びしたお祝い動画をプレゼント！\n\u3000(※Discordにて前月までに申し込みの必要あり)\n\n■相良茉優プロフィール\n京都府出身。4月17日生まれ。Digital Double所属。\n「アイドルメモリーズ」梶原未来で初めてのメインキャラを演じ、声優として活動を始める。\n2017年「ラブライブ！虹ヶ咲学園スクールアイドル同好会」で中須かすみに抜擢され、\n同作品のスクールアイドルとして現在放送中のアニメやゲーム・ライブで活動中。\n他にも、アプリ「ひぐらしのなく頃に命」(公由一穂)、アプリ「マギアレコード 魔法少女まどか☆マギカ外伝」(広江ちはる)等、多数作品に出演。2020年春に短編映画「時々は、眠れない夜に」に初めて実写での出演を果たした。\n', 'icon_image_url': 'https://hayabusa.io/openrec-image/user/8236662/823666191_202010211143.w90.ttl3600.png?format=png', 'l_icon_image_url': 'https://hayabusa.io/openrec-image/user/8236662/823666191_202010211143.w320.ttl3600.png?format=png', 'cover_image_url': 'https://hayabusa.io/openrec-image/user_background/8236662/823666191_202010211143.w210.ttl3600.png?format=png', 'l_cover_image_url': 'https://dqd0jw5gvbchn.cloudfront.net/user_background/8236662/823666191_202010211143.png', 'follows': 2, 'followers': 3677, 'is_premium': True, 'is_official': True, 'is_fresh': False, 'is_warned': False, 'is_team': False, 'is_league_yell': False, 'is_live': False, 'is_stats_hidden': False, 'live_views': 0, 'is_viewers_hidden': True, 'registered_at': '2020-10-19T20:34:04+09:00', 'last_updated_at': '2021-11-13T20:00:01+09:00', 'signed_in_with_facebook': None, 'signed_in_with_twitter': None, 'signed_in_with_google': None, 'signed_in_with_yahoo': None, 'signed_in_with_apple': None, 'user_status': 'special', 'is_creator': True, 'premium_start_at': None, 'premium_charge_type': None, 'premium_payment_status': None, 'has_ppv_permission': None, 'has_active_email_token': None, 'email': None, 'pending_email': None, 'twitter_screen_name': None, 'hidden_channels': None, 'has_confirmed_email': True, 'is_approved_account': True, 'blacklist_count': None, 'blacklist_limit': None}","{'name_color': '#4DF77A', 'is_premium_hidden': False, 'is_official_hidden': False, 'is_subs_badge_hidden': False, 'is_subs_duration_hidden': False}",False,False,False,False,461938519,"[{'id': 1574, 'image_url': 'https://dqd0jw5gvbchn.cloudfront.net/badge/subscription/template/a9c440f7-c013-36a3-4484-3e412f520cc7.png', 'label': 'SS席', 'type': 'subscription', 'subscription': {'months': 10, 'tier': 2}}]",299,FES01,https://dqd0jw5gvbchn.cloudfront.net/yell/299/e40290c7cec606f0f867813e7a224bad976e2fac.gif,,,200,160,15,,sakurada6350,True,4024744,891790108,さくらだ,,https://hayabusa.io/openrec-image/user/8917902/891790108.w90.ttl3600.v1621280044.png?format=png,https://hayabusa.io/openrec-image/user/8917902/891790108.w320.ttl3600.v1621280044.png?format=png,https://hayabusa.io/openrec-image/user_background/8917902/891790108_cover.w210.ttl3600.v1618232033.png?format=png,https://dqd0jw5gvbchn.cloudfront.net/user_background/8917902/891790108_cover.png?1618232033,1,0,False,False,False,False,False,False,False,False,0,True,2021-02-08T21:42:07+09:00,,,,,,,bang,False,,,,,,,,,,True,True,,,1o8qe5j1g8k
22,613055,たくさん寝てもろて…,2021-05-18T05:04:26+09:00,channel,"{'id': 299, 'name': 'FES01', 'image_url': 'https://dqd0jw5gvbchn.cloudfront.net/yell/299/e40290c7cec606f0f867813e7a224bad976e2fac.gif', 'image_url_small': '', 'animation_url': '', 'points': 200, 'yells': 160, 'ticker_seconds': 15, 'channel': None}","{'id': 'Ruuuuuuria', 'registered_user_id': True, 'openrec_user_id': 3805440, 'recxuser_id': 833485804, 'nickname': 'るりあ', 'introduction': '', 'icon_image_url': 'https://hayabusa.io/openrec-image/user/8334859/833485804.w90.ttl3600.v1604305917.png?format=png', 'l_icon_image_url': 'https://hayabusa.io/openrec-image/user/8334859/833485804.w320.ttl3600.v1604305917.png?format=png', 'cover_image_url': '', 'l_cover_image_url': '', 'follows': 3, 'followers': 0, 'is_premium': False, 'is_official': False, 'is_fresh': False, 'is_warned': False, 'is_team': False, 'is_league_yell': False, 'is_live': False, 'is_stats_hidden': False, 'live_views': 0, 'is_viewers_hidden': True, 'registered_at': '2020-11-02T17:17:17+09:00', 'last_updated_at': None, 'signed_in_with_facebook': None, 'signed_in_with_twitter': None, 'signed_in_with_google': None, 'signed_in_with_yahoo': None, 'signed_in_with_apple': None, 'user_status': 'bang', 'is_creator': False, 'premium_start_at': None, 'premium_charge_type': None, 'premium_payment_status': None, 'has_ppv_permission': None, 'has_active_email_token': None, 'email': None, 'pending_email': None, 'twitter_screen_name': None, 'hidden_channels': None, 'has_confirmed_email': True, 'is_approved_account': True, 'blacklist_count': None, 'blacklist_limit': None}","{'id': 'sagara_mayu', 'registered_user_id': True, 'openrec_user_id': 3758330, 'recxuser_id': 823666191, 'nickname': '相良茉優のFUN！FAN！FACTORY', 'introduction': '毎週月曜日配信の相良茉優がファンと一緒に楽しいことを作っていく番組です！\n\n番組推奨ハッシュタグ「#さがらFFF」\n是非ハッシュタグを付けて番組や相良茉優について呟いてください！\n\n「Discord」にてサブスク限定コミュニティも運営中！\n以下より連携方法をご確認ください。\nhttps://openrecnext.amebaownd.com/posts/11101764\n\n▼サブスク特典\nA席\n①メンバー限定放送・アーカイブ見放題\n②(入会初月のみ)翌月10日頃にOPENRECポイント300Pt付与\n③お誕生日月にお名前入り写真プレゼント(集合)※Discordにて前月中に申し込みの必要あり\n\nS席\n①メンバー限定放送・アーカイブ見放題\n②S席・SS席限定オフショット写真プレゼント\n③限定サイン入りチェキを抽選でプレゼント\n④(入会初月のみ)翌月10日頃にOPENRECポイント500Pt付与\n⑤お誕生日月にお名前入り写真プレゼント(個別)※Discordにて前月中に申し込みの必要あり\n\nSS席\n①メンバー限定配信・アーカイブ見放題\n②オフショット写真プレゼント\n③限定サイン入りチェキを抽選でプレゼント\n④視聴者参加型企画参加権利(抽選)\n⑤オフショット動画見放題\n⑥S席・SS席限定オフショット\n⑦(入会初月のみ)翌月10日頃にOPENRECポイント800Pt付与\n⑧お誕生日月にお名前をお呼びしたお祝い動画をプレゼント！\n\u3000(※Discordにて前月までに申し込みの必要あり)\n\n■相良茉優プロフィール\n京都府出身。4月17日生まれ。Digital Double所属。\n「アイドルメモリーズ」梶原未来で初めてのメインキャラを演じ、声優として活動を始める。\n2017年「ラブライブ！虹ヶ咲学園スクールアイドル同好会」で中須かすみに抜擢され、\n同作品のスクールアイドルとして現在放送中のアニメやゲーム・ライブで活動中。\n他にも、アプリ「ひぐらしのなく頃に命」(公由一穂)、アプリ「マギアレコード 魔法少女まどか☆マギカ外伝」(広江ちはる)等、多数作品に出演。2020年春に短編映画「時々は、眠れない夜に」に初めて実写での出演を果たした。\n', 'icon_image_url': 'https://hayabusa.io/openrec-image/user/8236662/823666191_202010211143.w90.ttl3600.png?format=png', 'l_icon_image_url': 'https://hayabusa.io/openrec-image/user/8236662/823666191_202010211143.w320.ttl3600.png?format=png', 'cover_image_url': 'https://hayabusa.io/openrec-image/user_background/8236662/823666191_202010211143.w210.ttl3600.png?format=png', 'l_cover_image_url': 'https://dqd0jw5gvbchn.cloudfront.net/user_background/8236662/823666191_202010211143.png', 'follows': 2, 'followers': 3677, 'is_premium': True, 'is_official': True, 'is_fresh': False, 'is_warned': False, 'is_team': False, 'is_league_yell': False, 'is_live': False, 'is_stats_hidden': False, 'live_views': 0, 'is_viewers_hidden': True, 'registered_at': '2020-10-19T20:34:04+09:00', 'last_updated_at': '2021-11-13T20:00:01+09:00', 'signed_in_with_facebook': None, 'signed_in_with_twitter': None, 'signed_in_with_google': None, 'signed_in_with_yahoo': None, 'signed_in_with_apple': None, 'user_status': 'special', 'is_creator': True, 'premium_start_at': None, 'premium_charge_type': None, 'premium_payment_status': None, 'has_ppv_permission': None, 'has_active_email_token': None, 'email': None, 'pending_email': None, 'twitter_screen_name': None, 'hidden_channels': None, 'has_confirmed_email': True, 'is_approved_account': True, 'blacklist_count': None, 'blacklist_limit': None}","{'name_color': '#34AEF6', 'is_premium_hidden': False, 'is_official_hidden': False, 'is_subs_badge_hidden': False, 'is_subs_duration_hidden': False}",False,False,False,False,461938511,"[{'id': 1574, 'image_url': 'https://dqd0jw5gvbchn.cloudfront.net/badge/subscription/template/a9c440f7-c013-36a3-4484-3e412f520cc7.png', 'label': 'SS席', 'type': 'subscription', 'subscription': {'months': 13, 'tier': 2}}]",299,FES01,https://dqd0jw5gvbchn.cloudfront.net/yell/299/e40290c7cec606f0f867813e7a224bad976e2fac.gif,,,200,160,15,,Ruuuuuuria,True,3805440,833485804,るりあ,,https://hayabusa.io/openrec-image/user/8334859/833485804.w90.ttl3600.v1604305917.png?format=png,https://hayabusa.io/openrec-image/user/8334859/833485804.w320.ttl3600.v1604305917.png?format=png,,,3,0,False,False,False,False,False,False,False,False,0,True,2020-11-02T17:17:17+09:00,,,,,,,bang,False,,,,,,,,,,True,True,,,1o8qe5j1g8k
23,613054,今日も長時間作業配信お疲れ様でした！！　まったり雑談楽しかったです！,2021-05-18T05:04:00+09:00,channel,"{'id': 299, 'name': 'FES01', 'image_url': 'https://dqd0jw5gvbchn.cloudfront.net/yell/299/e40290c7cec606f0f867813e7a224bad976e2fac.gif', 'image_url_small': '', 'animation_url': '', 'points': 200, 'yells': 160, 'ticker_seconds': 15, 'channel': None}","{'id': 'kuromo3', 'registered_user_id': True, 'openrec_user_id': 3805481, 'recxuser_id': 814866789, 'nickname': 'クロも', 'introduction': '', 'icon_image_url': 'https://hayabusa.io/openrec-image/user/8148668/814866789.w90.ttl3600.v1604305646.png?format=png', 'l_icon_image_url': 'https://hayabusa.io/openrec-image/user/8148668/814866789.w320.ttl3600.v1604305646.png?format=png', 'cover_image_url': '', 'l_cover_image_url': '', 'follows': 1, 'followers': 0, 'is_premium': False, 'is_official': False, 'is_fresh': False, 'is_warned': False, 'is_team': False, 'is_league_yell': False, 'is_live': False, 'is_stats_hidden': False, 'live_views': 0, 'is_viewers_hidden': True, 'registered_at': '2020-11-02T17:27:26+09:00', 'last_updated_at': None, 'signed_in_with_facebook': None, 'signed_in_with_twitter': None, 'signed_in_with_google': None, 'signed_in_with_yahoo': None, 'signed_in_with_apple': None, 'user_status': 'bang', 'is_creator': False, 'premium_start_at': None, 'premium_charge_type': None, 'premium_payment_status': None, 'has_ppv_permission': None, 'has_active_email_token': None, 'email': None, 'pending_email': None, 'twitter_screen_name': None, 'hidden_channels': None, 'has_confirmed_email': True, 'is_approved_account': True, 'blacklist_count': None, 'blacklist_limit': None}","{'id': 'sagara_mayu', 'registered_user_id': True, 'openrec_user_id': 3758330, 'recxuser_id': 823666191, 'nickname': '相良茉優のFUN！FAN！FACTORY', 'introduction': '毎週月曜日配信の相良茉優がファンと一緒に楽しいことを作っていく番組です！\n\n番組推奨ハッシュタグ「#さがらFFF」\n是非ハッシュタグを付けて番組や相良茉優について呟いてください！\n\n「Discord」にてサブスク限定コミュニティも運営中！\n以下より連携方法をご確認ください。\nhttps://openrecnext.amebaownd.com/posts/11101764\n\n▼サブスク特典\nA席\n①メンバー限定放送・アーカイブ見放題\n②(入会初月のみ)翌月10日頃にOPENRECポイント300Pt付与\n③お誕生日月にお名前入り写真プレゼント(集合)※Discordにて前月中に申し込みの必要あり\n\nS席\n①メンバー限定放送・アーカイブ見放題\n②S席・SS席限定オフショット写真プレゼント\n③限定サイン入りチェキを抽選でプレゼント\n④(入会初月のみ)翌月10日頃にOPENRECポイント500Pt付与\n⑤お誕生日月にお名前入り写真プレゼント(個別)※Discordにて前月中に申し込みの必要あり\n\nSS席\n①メンバー限定配信・アーカイブ見放題\n②オフショット写真プレゼント\n③限定サイン入りチェキを抽選でプレゼント\n④視聴者参加型企画参加権利(抽選)\n⑤オフショット動画見放題\n⑥S席・SS席限定オフショット\n⑦(入会初月のみ)翌月10日頃にOPENRECポイント800Pt付与\n⑧お誕生日月にお名前をお呼びしたお祝い動画をプレゼント！\n\u3000(※Discordにて前月までに申し込みの必要あり)\n\n■相良茉優プロフィール\n京都府出身。4月17日生まれ。Digital Double所属。\n「アイドルメモリーズ」梶原未来で初めてのメインキャラを演じ、声優として活動を始める。\n2017年「ラブライブ！虹ヶ咲学園スクールアイドル同好会」で中須かすみに抜擢され、\n同作品のスクールアイドルとして現在放送中のアニメやゲーム・ライブで活動中。\n他にも、アプリ「ひぐらしのなく頃に命」(公由一穂)、アプリ「マギアレコード 魔法少女まどか☆マギカ外伝」(広江ちはる)等、多数作品に出演。2020年春に短編映画「時々は、眠れない夜に」に初めて実写での出演を果たした。\n', 'icon_image_url': 'https://hayabusa.io/openrec-image/user/8236662/823666191_202010211143.w90.ttl3600.png?format=png', 'l_icon_image_url': 'https://hayabusa.io/openrec-image/user/8236662/823666191_202010211143.w320.ttl3600.png?format=png', 'cover_image_url': 'https://hayabusa.io/openrec-image/user_background/8236662/823666191_202010211143.w210.ttl3600.png?format=png', 'l_cover_image_url': 'https://dqd0jw5gvbchn.cloudfront.net/user_background/8236662/823666191_202010211143.png', 'follows': 2, 'followers': 3677, 'is_premium': True, 'is_official': True, 'is_fresh': False, 'is_warned': False, 'is_team': False, 'is_league_yell': False, 'is_live': False, 'is_stats_hidden': False, 'live_views': 0, 'is_viewers_hidden': True, 'registered_at': '2020-10-19T20:34:04+09:00', 'last_updated_at': '2021-11-13T20:00:01+09:00', 'signed_in_with_facebook': None, 'signed_in_with_twitter': None, 'signed_in_with_google': None, 'signed_in_with_yahoo': None, 'signed_in_with_apple': None, 'user_status': 'special', 'is_creator': True, 'premium_start_at': None, 'premium_charge_type': None, 'premium_payment_status': None, 'has_ppv_permission': None, 'has_active_email_token': None, 'email': None, 'pending_email': None, 'twitter_screen_name': None, 'hidden_channels': None, 'has_confirmed_email': True, 'is_approved_account': True, 'blacklist_count': None, 'blacklist_limit': None}","{'name_color': '#2468DF', 'is_premium_hidden': False, 'is_official_hidden': False, 'is_subs_badge_hidden': False, 'is_subs_duration_hidden': False}",False,False,False,False,461938485,"[{'id': 1573, 'image_url': 'https://dqd0jw5gvbchn.cloudfront.net/badge/subscription/template/a9c440f7-c013-36a3-4484-3e412f520cc7.png', 'label': 'S席', 'type': 'subscription', 'subscription': {'months': 13, 'tier': 1}}]",299,FES01,https://dqd0jw5gvbchn.cloudfront.net/yell/299/e40290c7cec606f0f867813e7a224bad976e2fac.gif,,,200,160,15,,kuromo3,True,3805481,814866789,クロも,,https://hayabusa.io/openrec-image/user/8148668/814866789.w90.ttl3600.v1604305646.png?format=png,https://hayabusa.io/openrec-image/user/8148668/814866789.w320.ttl3600.v1604305646.png?format=png,,,1,0,False,False,False,False,False,False,False,False,0,True,2020-11-02T17:27:26+09:00,,,,,,,bang,False,,,,,,,,,,True,True,,,1o8qe5j1g8k
24,613053,お疲れ様でした！！今日配信で初めて徹夜しましたが、貴重なお話色々聴けて最高すぎました！,2021-05-18T05:03:51+09:00,channel,"{'id': 299, 'name': 'FES01', 'image_url': 'https://dqd0jw5gvbchn.cloudfront.net/yell/299/e40290c7cec606f0f867813e7a224bad976e2fac.gif', 'image_url_small': '', 'animation_url': '', 'points': 200, 'yells': 160, 'ticker_seconds': 15, 'channel': None}","{'id': '_black_thunder', 'registered_user_id': True, 'openrec_user_id': 1117720, 'recxuser_id': 148864148, 'nickname': 'ぶらさん', 'introduction': 'DJしてます！', 'icon_image_url': 'https://hayabusa.io/openrec-image/user/1488642/148864148.w90.ttl3600.v1604327706.png?format=png', 'l_icon_image_url': 'https://hayabusa.io/openrec-image/user/1488642/148864148.w320.ttl3600.v1604327706.png?format=png', 'cover_image_url': '', 'l_cover_image_url': '', 'follows': 3, 'followers': 0, 'is_premium': True, 'is_official': False, 'is_fresh': False, 'is_warned': False, 'is_team': False, 'is_league_yell': False, 'is_live': False, 'is_stats_hidden': False, 'live_views': 0, 'is_viewers_hidden': True, 'registered_at': '2017-11-09T12:24:31+09:00', 'last_updated_at': None, 'signed_in_with_facebook': None, 'signed_in_with_twitter': None, 'signed_in_with_google': None, 'signed_in_with_yahoo': None, 'signed_in_with_apple': None, 'user_status': 'bang', 'is_creator': False, 'premium_start_at': None, 'premium_charge_type': None, 'premium_payment_status': None, 'has_ppv_permission': None, 'has_active_email_token': None, 'email': None, 'pending_email': None, 'twitter_screen_name': None, 'hidden_channels': None, 'has_confirmed_email': True, 'is_approved_account': True, 'blacklist_count': None, 'blacklist_limit': None}","{'id': 'sagara_mayu', 'registered_user_id': True, 'openrec_user_id': 3758330, 'recxuser_id': 823666191, 'nickname': '相良茉優のFUN！FAN！FACTORY', 'introduction': '毎週月曜日配信の相良茉優がファンと一緒に楽しいことを作っていく番組です！\n\n番組推奨ハッシュタグ「#さがらFFF」\n是非ハッシュタグを付けて番組や相良茉優について呟いてください！\n\n「Discord」にてサブスク限定コミュニティも運営中！\n以下より連携方法をご確認ください。\nhttps://openrecnext.amebaownd.com/posts/11101764\n\n▼サブスク特典\nA席\n①メンバー限定放送・アーカイブ見放題\n②(入会初月のみ)翌月10日頃にOPENRECポイント300Pt付与\n③お誕生日月にお名前入り写真プレゼント(集合)※Discordにて前月中に申し込みの必要あり\n\nS席\n①メンバー限定放送・アーカイブ見放題\n②S席・SS席限定オフショット写真プレゼント\n③限定サイン入りチェキを抽選でプレゼント\n④(入会初月のみ)翌月10日頃にOPENRECポイント500Pt付与\n⑤お誕生日月にお名前入り写真プレゼント(個別)※Discordにて前月中に申し込みの必要あり\n\nSS席\n①メンバー限定配信・アーカイブ見放題\n②オフショット写真プレゼント\n③限定サイン入りチェキを抽選でプレゼント\n④視聴者参加型企画参加権利(抽選)\n⑤オフショット動画見放題\n⑥S席・SS席限定オフショット\n⑦(入会初月のみ)翌月10日頃にOPENRECポイント800Pt付与\n⑧お誕生日月にお名前をお呼びしたお祝い動画をプレゼント！\n\u3000(※Discordにて前月までに申し込みの必要あり)\n\n■相良茉優プロフィール\n京都府出身。4月17日生まれ。Digital Double所属。\n「アイドルメモリーズ」梶原未来で初めてのメインキャラを演じ、声優として活動を始める。\n2017年「ラブライブ！虹ヶ咲学園スクールアイドル同好会」で中須かすみに抜擢され、\n同作品のスクールアイドルとして現在放送中のアニメやゲーム・ライブで活動中。\n他にも、アプリ「ひぐらしのなく頃に命」(公由一穂)、アプリ「マギアレコード 魔法少女まどか☆マギカ外伝」(広江ちはる)等、多数作品に出演。2020年春に短編映画「時々は、眠れない夜に」に初めて実写での出演を果たした。\n', 'icon_image_url': 'https://hayabusa.io/openrec-image/user/8236662/823666191_202010211143.w90.ttl3600.png?format=png', 'l_icon_image_url': 'https://hayabusa.io/openrec-image/user/8236662/823666191_202010211143.w320.ttl3600.png?format=png', 'cover_image_url': 'https://hayabusa.io/openrec-image/user_background/8236662/823666191_202010211143.w210.ttl3600.png?format=png', 'l_cover_image_url': 'https://dqd0jw5gvbchn.cloudfront.net/user_background/8236662/823666191_202010211143.png', 'follows': 2, 'followers': 3677, 'is_premium': True, 'is_official': True, 'is_fresh': False, 'is_warned': False, 'is_team': False, 'is_league_yell': False, 'is_live': False, 'is_stats_hidden': False, 'live_views': 0, 'is_viewers_hidden': True, 'registered_at': '2020-10-19T20:34:04+09:00', 'last_updated_at': '2021-11-13T20:00:01+09:00', 'signed_in_with_facebook': None, 'signed_in_with_twitter': None, 'signed_in_with_google': None, 'signed_in_with_yahoo': None, 'signed_in_with_apple': None, 'user_status': 'special', 'is_creator': True, 'premium_start_at': None, 'premium_charge_type': None, 'premium_payment_status': None, 'has_ppv_permission': None, 'has_active_email_token': None, 'email': None, 'pending_email': None, 'twitter_screen_name': None, 'hidden_channels': None, 'has_confirmed_email': True, 'is_approved_account': True, 'blacklist_count': None, 'blacklist_limit': None}","{'name_color': '#4DF77A', 'is_premium_hidden': False, 'is_official_hidden': False, 'is_subs_badge_hidden': False, 'is_subs_duration_hidden': False}",False,False,False,False,461938471,"[{'id': 1574, 'image_url': 'https://dqd0jw5gvbchn.cloudfront.net/badge/subscription/template/a9c440f7-c013-36a3-4484-3e412f520cc7.png', 'label': 'SS席', 'type': 'subscription', 'subscription': {'months': 13, 'tier': 2}}]",299,FES01,https://dqd0jw5gvbchn.cloudfront.net/yell/299/e40290c7cec606f0f867813e7a224bad976e2fac.gif,,,200,160,15,,_black_thunder,True,1117720,148864148,ぶらさん,DJしてます！,https://hayabusa.io/openrec-image/user/1488642/148864148.w90.ttl3600.v1604327706.png?format=png,https://hayabusa.io/openrec-image/user/1488642/148864148.w320.ttl3600.v1604327706.png?format=png,,,3,0,True,False,False,False,False,False,False,False,0,True,2017-11-09T12:24:31+09:00,,,,,,,bang,False,,,,,,,,,,True,True,,,1o8qe5j1g8k
25,613052,長時間お疲れ様でした、いっぱいお話聞けて楽しかったです,2021-05-18T05:03:13+09:00,channel,"{'id': 300, 'name': 'FES02', 'image_url': 'https://dqd0jw5gvbchn.cloudfront.net/yell/300/59aff2cb78428e04874c99ce75121618cdcfe1ad.gif', 'image_url_small': '', 'animation_url': '', 'points': 500, 'yells': 400, 'ticker_seconds': 15, 'channel': None}","{'id': 'indri9901', 'registered_user_id': True, 'openrec_user_id': 3805940, 'recxuser_id': 833569930, 'nickname': 'インドリ', 'introduction': '', 'icon_image_url': 'https://hayabusa.io/openrec-image/user/8335700/833569930.w90.ttl3600.v1604314618.png?format=png', 'l_icon_image_url': 'https://hayabusa.io/openrec-image/user/8335700/833569930.w320.ttl3600.v1604314618.png?format=png', 'cover_image_url': '', 'l_cover_image_url': '', 'follows': 1, 'followers': 0, 'is_premium': False, 'is_official': False, 'is_fresh': False, 'is_warned': False, 'is_team': False, 'is_league_yell': False, 'is_live': False, 'is_stats_hidden': False, 'live_views': 0, 'is_viewers_hidden': True, 'registered_at': '2020-11-02T19:56:58+09:00', 'last_updated_at': None, 'signed_in_with_facebook': None, 'signed_in_with_twitter': None, 'signed_in_with_google': None, 'signed_in_with_yahoo': None, 'signed_in_with_apple': None, 'user_status': 'bang', 'is_creator': False, 'premium_start_at': None, 'premium_charge_type': None, 'premium_payment_status': None, 'has_ppv_permission': None, 'has_active_email_token': None, 'email': None, 'pending_email': None, 'twitter_screen_name': None, 'hidden_channels': None, 'has_confirmed_email': True, 'is_approved_account': True, 'blacklist_count': None, 'blacklist_limit': None}","{'id': 'sagara_mayu', 'registered_user_id': True, 'openrec_user_id': 3758330, 'recxuser_id': 823666191, 'nickname': '相良茉優のFUN！FAN！FACTORY', 'introduction': '毎週月曜日配信の相良茉優がファンと一緒に楽しいことを作っていく番組です！\n\n番組推奨ハッシュタグ「#さがらFFF」\n是非ハッシュタグを付けて番組や相良茉優について呟いてください！\n\n「Discord」にてサブスク限定コミュニティも運営中！\n以下より連携方法をご確認ください。\nhttps://openrecnext.amebaownd.com/posts/11101764\n\n▼サブスク特典\nA席\n①メンバー限定放送・アーカイブ見放題\n②(入会初月のみ)翌月10日頃にOPENRECポイント300Pt付与\n③お誕生日月にお名前入り写真プレゼント(集合)※Discordにて前月中に申し込みの必要あり\n\nS席\n①メンバー限定放送・アーカイブ見放題\n②S席・SS席限定オフショット写真プレゼント\n③限定サイン入りチェキを抽選でプレゼント\n④(入会初月のみ)翌月10日頃にOPENRECポイント500Pt付与\n⑤お誕生日月にお名前入り写真プレゼント(個別)※Discordにて前月中に申し込みの必要あり\n\nSS席\n①メンバー限定配信・アーカイブ見放題\n②オフショット写真プレゼント\n③限定サイン入りチェキを抽選でプレゼント\n④視聴者参加型企画参加権利(抽選)\n⑤オフショット動画見放題\n⑥S席・SS席限定オフショット\n⑦(入会初月のみ)翌月10日頃にOPENRECポイント800Pt付与\n⑧お誕生日月にお名前をお呼びしたお祝い動画をプレゼント！\n\u3000(※Discordにて前月までに申し込みの必要あり)\n\n■相良茉優プロフィール\n京都府出身。4月17日生まれ。Digital Double所属。\n「アイドルメモリーズ」梶原未来で初めてのメインキャラを演じ、声優として活動を始める。\n2017年「ラブライブ！虹ヶ咲学園スクールアイドル同好会」で中須かすみに抜擢され、\n同作品のスクールアイドルとして現在放送中のアニメやゲーム・ライブで活動中。\n他にも、アプリ「ひぐらしのなく頃に命」(公由一穂)、アプリ「マギアレコード 魔法少女まどか☆マギカ外伝」(広江ちはる)等、多数作品に出演。2020年春に短編映画「時々は、眠れない夜に」に初めて実写での出演を果たした。\n', 'icon_image_url': 'https://hayabusa.io/openrec-image/user/8236662/823666191_202010211143.w90.ttl3600.png?format=png', 'l_icon_image_url': 'https://hayabusa.io/openrec-image/user/8236662/823666191_202010211143.w320.ttl3600.png?format=png', 'cover_image_url': 'https://hayabusa.io/openrec-image/user_background/8236662/823666191_202010211143.w210.ttl3600.png?format=png', 'l_cover_image_url': 'https://dqd0jw5gvbchn.cloudfront.net/user_background/8236662/823666191_202010211143.png', 'follows': 2, 'followers': 3677, 'is_premium': True, 'is_official': True, 'is_fresh': False, 'is_warned': False, 'is_team': False, 'is_league_yell': False, 'is_live': False, 'is_stats_hidden': False, 'live_views': 0, 'is_viewers_hidden': True, 'registered_at': '2020-10-19T20:34:04+09:00', 'last_updated_at': '2021-11-13T20:00:01+09:00', 'signed_in_with_facebook': None, 'signed_in_with_twitter': None, 'signed_in_with_google': None, 'signed_in_with_yahoo': None, 'signed_in_with_apple': None, 'user_status': 'special', 'is_creator': True, 'premium_start_at': None, 'premium_charge_type': None, 'premium_payment_status': None, 'has_ppv_permission': None, 'has_active_email_token': None, 'email': None, 'pending_email': None, 'twitter_screen_name': None, 'hidden_channels': None, 'has_confirmed_email': True, 'is_approved_account': True, 'blacklist_count': None, 'blacklist_limit': None}","{'name_color': '#F75D52', 'is_premium_hidden': False, 'is_official_hidden': False, 'is_subs_badge_hidden': False, 'is_subs_duration_hidden': False}",False,False,False,False,461938413,"[{'id': 1573, 'image_url': 'https://dqd0jw5gvbchn.cloudfront.net/badge/subscription/template/a9c440f7-c013-36a3-4484-3e412f520cc7.png', 'label': 'S席', 'type': 'subscription', 'subscription': {'months': 13, 'tier': 1}}]",300,FES02,https://dqd0jw5gvbchn.cloudfront.net/yell/300/59aff2cb78428e04874c99ce75121618cdcfe1ad.gif,,,500,400,15,,indri9901,True,3805940,833569930,インドリ,,https://hayabusa.io/openrec-image/user/8335700/833569930.w90.ttl3600.v1604314618.png?format=png,https://hayabusa.io/openrec-image/user/8335700/833569930.w320.ttl3600.v1604314618.png?format=png,,,1,0,False,False,False,False,False,False,False,False,0,True,2020-11-02T19:56:58+09:00,,,,,,,bang,False,,,,,,,,,,True,True,,,1o8qe5j1g8k
26,613051,你好ー！,2021-05-18T05:03:12+09:00,channel,"{'id': 299, 'name': 'FES01', 'image_url': 'https://dqd0jw5gvbchn.cloudfront.net/yell/299/e40290c7cec606f0f867813e7a224bad976e2fac.gif', 'image_url_small': '', 'animation_url': '', 'points': 200, 'yells': 160, 'ticker_seconds': 15, 'channel': None}","{'id': 'kokaichen', 'registered_user_id': True, 'openrec_user_id': 3758840, 'recxuser_id': 823793780, 'nickname': 'コカイチェン', 'introduction': '', 'icon_image_url': 'https://hayabusa.io/openrec-image/user/8237938/823793780.w90.ttl3600.v1603121999.png?format=png', 'l_icon_image_url': 'https://hayabusa.io/openrec-image/user/8237938/823793780.w320.ttl3600.v1603121999.png?format=png', 'cover_image_url': '', 'l_cover_image_url': '', 'follows': 5, 'followers': 1, 'is_premium': False, 'is_official': False, 'is_fresh': False, 'is_warned': False, 'is_team': False, 'is_league_yell': False, 'is_live': False, 'is_stats_hidden': False, 'live_views': 0, 'is_viewers_hidden': True, 'registered_at': '2020-10-20T00:39:58+09:00', 'last_updated_at': None, 'signed_in_with_facebook': None, 'signed_in_with_twitter': None, 'signed_in_with_google': None, 'signed_in_with_yahoo': None, 'signed_in_with_apple': None, 'user_status': 'bang', 'is_creator': False, 'premium_start_at': None, 'premium_charge_type': None, 'premium_payment_status': None, 'has_ppv_permission': None, 'has_active_email_token': None, 'email': None, 'pending_email': None, 'twitter_screen_name': None, 'hidden_channels': None, 'has_confirmed_email': True, 'is_approved_account': True, 'blacklist_count': None, 'blacklist_limit': None}","{'id': 'sagara_mayu', 'registered_user_id': True, 'openrec_user_id': 3758330, 'recxuser_id': 823666191, 'nickname': '相良茉優のFUN！FAN！FACTORY', 'introduction': '毎週月曜日配信の相良茉優がファンと一緒に楽しいことを作っていく番組です！\n\n番組推奨ハッシュタグ「#さがらFFF」\n是非ハッシュタグを付けて番組や相良茉優について呟いてください！\n\n「Discord」にてサブスク限定コミュニティも運営中！\n以下より連携方法をご確認ください。\nhttps://openrecnext.amebaownd.com/posts/11101764\n\n▼サブスク特典\nA席\n①メンバー限定放送・アーカイブ見放題\n②(入会初月のみ)翌月10日頃にOPENRECポイント300Pt付与\n③お誕生日月にお名前入り写真プレゼント(集合)※Discordにて前月中に申し込みの必要あり\n\nS席\n①メンバー限定放送・アーカイブ見放題\n②S席・SS席限定オフショット写真プレゼント\n③限定サイン入りチェキを抽選でプレゼント\n④(入会初月のみ)翌月10日頃にOPENRECポイント500Pt付与\n⑤お誕生日月にお名前入り写真プレゼント(個別)※Discordにて前月中に申し込みの必要あり\n\nSS席\n①メンバー限定配信・アーカイブ見放題\n②オフショット写真プレゼント\n③限定サイン入りチェキを抽選でプレゼント\n④視聴者参加型企画参加権利(抽選)\n⑤オフショット動画見放題\n⑥S席・SS席限定オフショット\n⑦(入会初月のみ)翌月10日頃にOPENRECポイント800Pt付与\n⑧お誕生日月にお名前をお呼びしたお祝い動画をプレゼント！\n\u3000(※Discordにて前月までに申し込みの必要あり)\n\n■相良茉優プロフィール\n京都府出身。4月17日生まれ。Digital Double所属。\n「アイドルメモリーズ」梶原未来で初めてのメインキャラを演じ、声優として活動を始める。\n2017年「ラブライブ！虹ヶ咲学園スクールアイドル同好会」で中須かすみに抜擢され、\n同作品のスクールアイドルとして現在放送中のアニメやゲーム・ライブで活動中。\n他にも、アプリ「ひぐらしのなく頃に命」(公由一穂)、アプリ「マギアレコード 魔法少女まどか☆マギカ外伝」(広江ちはる)等、多数作品に出演。2020年春に短編映画「時々は、眠れない夜に」に初めて実写での出演を果たした。\n', 'icon_image_url': 'https://hayabusa.io/openrec-image/user/8236662/823666191_202010211143.w90.ttl3600.png?format=png', 'l_icon_image_url': 'https://hayabusa.io/openrec-image/user/8236662/823666191_202010211143.w320.ttl3600.png?format=png', 'cover_image_url': 'https://hayabusa.io/openrec-image/user_background/8236662/823666191_202010211143.w210.ttl3600.png?format=png', 'l_cover_image_url': 'https://dqd0jw5gvbchn.cloudfront.net/user_background/8236662/823666191_202010211143.png', 'follows': 2, 'followers': 3677, 'is_premium': True, 'is_official': True, 'is_fresh': False, 'is_warned': False, 'is_team': False, 'is_league_yell': False, 'is_live': False, 'is_stats_hidden': False, 'live_views': 0, 'is_viewers_hidden': True, 'registered_at': '2020-10-19T20:34:04+09:00', 'last_updated_at': '2021-11-13T20:00:01+09:00', 'signed_in_with_facebook': None, 'signed_in_with_twitter': None, 'signed_in_with_google': None, 'signed_in_with_yahoo': None, 'signed_in_with_apple': None, 'user_status': 'special', 'is_creator': True, 'premium_start_at': None, 'premium_charge_type': None, 'premium_payment_status': None, 'has_ppv_permission': None, 'has_active_email_token': None, 'email': None, 'pending_email': None, 'twitter_screen_name': None, 'hidden_channels': None, 'has_confirmed_email': True, 'is_approved_account': True, 'blacklist_count': None, 'blacklist_limit': None}","{'name_color': '#F75D52', 'is_premium_hidden': False, 'is_official_hidden': False, 'is_subs_badge_hidden': False, 'is_subs_duration_hidden': False}",False,False,False,False,461938411,"[{'id': 1574, 'image_url': 'https://dqd0jw5gvbchn.cloudfront.net/badge/subscription/template/a9c440f7-c013-36a3-4484-3e412f520cc7.png', 'label': 'SS席', 'type': 'subscription', 'subscription': {'months': 13, 'tier': 2}}]",299,FES01,https://dqd0jw5gvbchn.cloudfront.net/yell/299/e40290c7cec606f0f867813e7a224bad976e2fac.gif,,,200,160,15,,kokaichen,True,3758840,823793780,コカイチェン,,https://hayabusa.io/openrec-image/user/8237938/823793780.w90.ttl3600.v1603121999.png?format=png,https://hayabusa.io/openrec-image/user/8237938/823793780.w320.ttl3600.v1603121999.png?format=png,,,5,1,False,False,False,False,False,False,False,False,0,True,2020-10-20T00:39:58+09:00,,,,,,,bang,False,,,,,,,,,,True,True,,,1o8qe5j1g8k
27,613050,本当にお疲れ様でした。届くの楽しみにしてます。,2021-05-18T05:02:54+09:00,channel,"{'id': 299, 'name': 'FES01', 'image_url': 'https://dqd0jw5gvbchn.cloudfront.net/yell/299/e40290c7cec606f0f867813e7a224bad976e2fac.gif', 'image_url_small': '', 'animation_url': '', 'points': 200, 'yells': 160, 'ticker_seconds': 15, 'channel': None}","{'id': 'inarimori27', 'registered_user_id': True, 'openrec_user_id': 3925276, 'recxuser_id': 871516063, 'nickname': 'ツユキ', 'introduction': '', 'icon_image_url': 'https://hayabusa.io/openrec-image/user/8715161/871516063.w90.ttl3600.v1613763448.png?format=png', 'l_icon_image_url': 'https://hayabusa.io/openrec-image/user/8715161/871516063.w320.ttl3600.v1613763448.png?format=png', 'cover_image_url': '', 'l_cover_image_url': '', 'follows': 1, 'followers': 0, 'is_premium': False, 'is_official': False, 'is_fresh': False, 'is_warned': False, 'is_team': False, 'is_league_yell': False, 'is_live': False, 'is_stats_hidden': False, 'live_views': 0, 'is_viewers_hidden': True, 'registered_at': '2020-12-28T20:18:38+09:00', 'last_updated_at': None, 'signed_in_with_facebook': None, 'signed_in_with_twitter': None, 'signed_in_with_google': None, 'signed_in_with_yahoo': None, 'signed_in_with_apple': None, 'user_status': 'bang', 'is_creator': False, 'premium_start_at': None, 'premium_charge_type': None, 'premium_payment_status': None, 'has_ppv_permission': None, 'has_active_email_token': None, 'email': None, 'pending_email': None, 'twitter_screen_name': None, 'hidden_channels': None, 'has_confirmed_email': True, 'is_approved_account': True, 'blacklist_count': None, 'blacklist_limit': None}","{'id': 'sagara_mayu', 'registered_user_id': True, 'openrec_user_id': 3758330, 'recxuser_id': 823666191, 'nickname': '相良茉優のFUN！FAN！FACTORY', 'introduction': '毎週月曜日配信の相良茉優がファンと一緒に楽しいことを作っていく番組です！\n\n番組推奨ハッシュタグ「#さがらFFF」\n是非ハッシュタグを付けて番組や相良茉優について呟いてください！\n\n「Discord」にてサブスク限定コミュニティも運営中！\n以下より連携方法をご確認ください。\nhttps://openrecnext.amebaownd.com/posts/11101764\n\n▼サブスク特典\nA席\n①メンバー限定放送・アーカイブ見放題\n②(入会初月のみ)翌月10日頃にOPENRECポイント300Pt付与\n③お誕生日月にお名前入り写真プレゼント(集合)※Discordにて前月中に申し込みの必要あり\n\nS席\n①メンバー限定放送・アーカイブ見放題\n②S席・SS席限定オフショット写真プレゼント\n③限定サイン入りチェキを抽選でプレゼント\n④(入会初月のみ)翌月10日頃にOPENRECポイント500Pt付与\n⑤お誕生日月にお名前入り写真プレゼント(個別)※Discordにて前月中に申し込みの必要あり\n\nSS席\n①メンバー限定配信・アーカイブ見放題\n②オフショット写真プレゼント\n③限定サイン入りチェキを抽選でプレゼント\n④視聴者参加型企画参加権利(抽選)\n⑤オフショット動画見放題\n⑥S席・SS席限定オフショット\n⑦(入会初月のみ)翌月10日頃にOPENRECポイント800Pt付与\n⑧お誕生日月にお名前をお呼びしたお祝い動画をプレゼント！\n\u3000(※Discordにて前月までに申し込みの必要あり)\n\n■相良茉優プロフィール\n京都府出身。4月17日生まれ。Digital Double所属。\n「アイドルメモリーズ」梶原未来で初めてのメインキャラを演じ、声優として活動を始める。\n2017年「ラブライブ！虹ヶ咲学園スクールアイドル同好会」で中須かすみに抜擢され、\n同作品のスクールアイドルとして現在放送中のアニメやゲーム・ライブで活動中。\n他にも、アプリ「ひぐらしのなく頃に命」(公由一穂)、アプリ「マギアレコード 魔法少女まどか☆マギカ外伝」(広江ちはる)等、多数作品に出演。2020年春に短編映画「時々は、眠れない夜に」に初めて実写での出演を果たした。\n', 'icon_image_url': 'https://hayabusa.io/openrec-image/user/8236662/823666191_202010211143.w90.ttl3600.png?format=png', 'l_icon_image_url': 'https://hayabusa.io/openrec-image/user/8236662/823666191_202010211143.w320.ttl3600.png?format=png', 'cover_image_url': 'https://hayabusa.io/openrec-image/user_background/8236662/823666191_202010211143.w210.ttl3600.png?format=png', 'l_cover_image_url': 'https://dqd0jw5gvbchn.cloudfront.net/user_background/8236662/823666191_202010211143.png', 'follows': 2, 'followers': 3677, 'is_premium': True, 'is_official': True, 'is_fresh': False, 'is_warned': False, 'is_team': False, 'is_league_yell': False, 'is_live': False, 'is_stats_hidden': False, 'live_views': 0, 'is_viewers_hidden': True, 'registered_at': '2020-10-19T20:34:04+09:00', 'last_updated_at': '2021-11-13T20:00:01+09:00', 'signed_in_with_facebook': None, 'signed_in_with_twitter': None, 'signed_in_with_google': None, 'signed_in_with_yahoo': None, 'signed_in_with_apple': None, 'user_status': 'special', 'is_creator': True, 'premium_start_at': None, 'premium_charge_type': None, 'premium_payment_status': None, 'has_ppv_permission': None, 'has_active_email_token': None, 'email': None, 'pending_email': None, 'twitter_screen_name': None, 'hidden_channels': None, 'has_confirmed_email': True, 'is_approved_account': True, 'blacklist_count': None, 'blacklist_limit': None}","{'name_color': '#94FF0D', 'is_premium_hidden': False, 'is_official_hidden': False, 'is_subs_badge_hidden': False, 'is_subs_duration_hidden': False}",False,False,False,False,461938389,"[{'id': 1574, 'image_url': 'https://dqd0jw5gvbchn.cloudfront.net/badge/subscription/template/a9c440f7-c013-36a3-4484-3e412f520cc7.png', 'label': 'SS席', 'type': 'subscription', 'subscription': {'months': 11, 'tier': 2}}]",299,FES01,https://dqd0jw5gvbchn.cloudfront.net/yell/299/e40290c7cec606f0f867813e7a224bad976e2fac.gif,,,200,160,15,,inarimori27,True,3925276,871516063,ツユキ,,https://hayabusa.io/openrec-image/user/8715161/871516063.w90.ttl3600.v1613763448.png?format=png,https://hayabusa.io/openrec-image/user/8715161/871516063.w320.ttl3600.v1613763448.png?format=png,,,1,0,False,False,False,False,False,False,False,False,0,True,2020-12-28T20:18:38+09:00,,,,,,,bang,False,,,,,,,,,,True,True,,,1o8qe5j1g8k
28,613049,お疲れ様でした。。。！！後で朝マックに食べてゆっくり休んでねー,2021-05-18T05:02:52+09:00,channel,"{'id': 301, 'name': 'FES03', 'image_url': 'https://dqd0jw5gvbchn.cloudfront.net/yell/301/925592946a8b319e854a9029c507297e2b624970.gif', 'image_url_small': '', 'animation_url': '', 'points': 1000, 'yells': 800, 'ticker_seconds': 15, 'channel': None}","{'id': 'KoizumiKuro_HK', 'registered_user_id': True, 'openrec_user_id': 3761245, 'recxuser_id': 825112534, 'nickname': '小泉くろ', 'introduction': '推しの為にここに来た(｀・ω・´)\nよろしくお願いしますね', 'icon_image_url': 'https://hayabusa.io/openrec-image/user/8251126/825112534.w90.ttl3600.v1614359322.png?format=png', 'l_icon_image_url': 'https://hayabusa.io/openrec-image/user/8251126/825112534.w320.ttl3600.v1614359322.png?format=png', 'cover_image_url': 'https://hayabusa.io/openrec-image/user_background/8251126/825112534_cover.w210.ttl3600.v1614359322.png?format=png', 'l_cover_image_url': 'https://dqd0jw5gvbchn.cloudfront.net/user_background/8251126/825112534_cover.png?1614359322', 'follows': 5, 'followers': 3, 'is_premium': True, 'is_official': False, 'is_fresh': False, 'is_warned': False, 'is_team': False, 'is_league_yell': False, 'is_live': False, 'is_stats_hidden': False, 'live_views': 0, 'is_viewers_hidden': True, 'registered_at': '2020-10-21T23:09:42+09:00', 'last_updated_at': None, 'signed_in_with_facebook': None, 'signed_in_with_twitter': None, 'signed_in_with_google': None, 'signed_in_with_yahoo': None, 'signed_in_with_apple': None, 'user_status': 'bang', 'is_creator': False, 'premium_start_at': None, 'premium_charge_type': None, 'premium_payment_status': None, 'has_ppv_permission': None, 'has_active_email_token': None, 'email': None, 'pending_email': None, 'twitter_screen_name': None, 'hidden_channels': None, 'has_confirmed_email': True, 'is_approved_account': True, 'blacklist_count': None, 'blacklist_limit': None}","{'id': 'sagara_mayu', 'registered_user_id': True, 'openrec_user_id': 3758330, 'recxuser_id': 823666191, 'nickname': '相良茉優のFUN！FAN！FACTORY', 'introduction': '毎週月曜日配信の相良茉優がファンと一緒に楽しいことを作っていく番組です！\n\n番組推奨ハッシュタグ「#さがらFFF」\n是非ハッシュタグを付けて番組や相良茉優について呟いてください！\n\n「Discord」にてサブスク限定コミュニティも運営中！\n以下より連携方法をご確認ください。\nhttps://openrecnext.amebaownd.com/posts/11101764\n\n▼サブスク特典\nA席\n①メンバー限定放送・アーカイブ見放題\n②(入会初月のみ)翌月10日頃にOPENRECポイント300Pt付与\n③お誕生日月にお名前入り写真プレゼント(集合)※Discordにて前月中に申し込みの必要あり\n\nS席\n①メンバー限定放送・アーカイブ見放題\n②S席・SS席限定オフショット写真プレゼント\n③限定サイン入りチェキを抽選でプレゼント\n④(入会初月のみ)翌月10日頃にOPENRECポイント500Pt付与\n⑤お誕生日月にお名前入り写真プレゼント(個別)※Discordにて前月中に申し込みの必要あり\n\nSS席\n①メンバー限定配信・アーカイブ見放題\n②オフショット写真プレゼント\n③限定サイン入りチェキを抽選でプレゼント\n④視聴者参加型企画参加権利(抽選)\n⑤オフショット動画見放題\n⑥S席・SS席限定オフショット\n⑦(入会初月のみ)翌月10日頃にOPENRECポイント800Pt付与\n⑧お誕生日月にお名前をお呼びしたお祝い動画をプレゼント！\n\u3000(※Discordにて前月までに申し込みの必要あり)\n\n■相良茉優プロフィール\n京都府出身。4月17日生まれ。Digital Double所属。\n「アイドルメモリーズ」梶原未来で初めてのメインキャラを演じ、声優として活動を始める。\n2017年「ラブライブ！虹ヶ咲学園スクールアイドル同好会」で中須かすみに抜擢され、\n同作品のスクールアイドルとして現在放送中のアニメやゲーム・ライブで活動中。\n他にも、アプリ「ひぐらしのなく頃に命」(公由一穂)、アプリ「マギアレコード 魔法少女まどか☆マギカ外伝」(広江ちはる)等、多数作品に出演。2020年春に短編映画「時々は、眠れない夜に」に初めて実写での出演を果たした。\n', 'icon_image_url': 'https://hayabusa.io/openrec-image/user/8236662/823666191_202010211143.w90.ttl3600.png?format=png', 'l_icon_image_url': 'https://hayabusa.io/openrec-image/user/8236662/823666191_202010211143.w320.ttl3600.png?format=png', 'cover_image_url': 'https://hayabusa.io/openrec-image/user_background/8236662/823666191_202010211143.w210.ttl3600.png?format=png', 'l_cover_image_url': 'https://dqd0jw5gvbchn.cloudfront.net/user_background/8236662/823666191_202010211143.png', 'follows': 2, 'followers': 3677, 'is_premium': True, 'is_official': True, 'is_fresh': False, 'is_warned': False, 'is_team': False, 'is_league_yell': False, 'is_live': False, 'is_stats_hidden': False, 'live_views': 0, 'is_viewers_hidden': True, 'registered_at': '2020-10-19T20:34:04+09:00', 'last_updated_at': '2021-11-13T20:00:01+09:00', 'signed_in_with_facebook': None, 'signed_in_with_twitter': None, 'signed_in_with_google': None, 'signed_in_with_yahoo': None, 'signed_in_with_apple': None, 'user_status': 'special', 'is_creator': True, 'premium_start_at': None, 'premium_charge_type': None, 'premium_payment_status': None, 'has_ppv_permission': None, 'has_active_email_token': None, 'email': None, 'pending_email': None, 'twitter_screen_name': None, 'hidden_channels': None, 'has_confirmed_email': True, 'is_approved_account': True, 'blacklist_count': None, 'blacklist_limit': None}","{'name_color': '#34AEF6', 'is_premium_hidden': False, 'is_official_hidden': False, 'is_subs_badge_hidden': False, 'is_subs_duration_hidden': False}",False,False,False,False,461938387,"[{'id': 1574, 'image_url': 'https://dqd0jw5gvbchn.cloudfront.net/badge/subscription/template/a9c440f7-c013-36a3-4484-3e412f520cc7.png', 'label': 'SS席', 'type': 'subscription', 'subscription': {'months': 13, 'tier': 2}}]",301,FES03,https://dqd0jw5gvbchn.cloudfront.net/yell/301/925592946a8b319e854a9029c507297e2b624970.gif,,,1000,800,15,,KoizumiKuro_HK,True,3761245,825112534,小泉くろ,"推しの為にここに来た(｀・ω・´)
よろしくお願いしますね",https://hayabusa.io/openrec-image/user/8251126/825112534.w90.ttl3600.v1614359322.png?format=png,https://hayabusa.io/openrec-image/user/8251126/825112534.w320.ttl3600.v1614359322.png?format=png,https://hayabusa.io/openrec-image/user_background/8251126/825112534_cover.w210.ttl3600.v1614359322.png?format=png,https://dqd0jw5gvbchn.cloudfront.net/user_background/8251126/825112534_cover.png?1614359322,5,3,True,False,False,False,False,False,False,False,0,True,2020-10-21T23:09:42+09:00,,,,,,,bang,False,,,,,,,,,,True,True,,,1o8qe5j1g8k
29,613048,お疲れさまです！,2021-05-18T05:02:38+09:00,channel,"{'id': 299, 'name': 'FES01', 'image_url': 'https://dqd0jw5gvbchn.cloudfront.net/yell/299/e40290c7cec606f0f867813e7a224bad976e2fac.gif', 'image_url_small': '', 'animation_url': '', 'points': 200, 'yells': 160, 'ticker_seconds': 15, 'channel': None}","{'id': 'carlego', 'registered_user_id': True, 'openrec_user_id': 3839562, 'recxuser_id': 843831486, 'nickname': 'carlego', 'introduction': None, 'icon_image_url': '', 'l_icon_image_url': '', 'cover_image_url': '', 'l_cover_image_url': '', 'follows': 1, 'followers': 0, 'is_premium': False, 'is_official': False, 'is_fresh': False, 'is_warned': False, 'is_team': False, 'is_league_yell': False, 'is_live': False, 'is_stats_hidden': False, 'live_views': 0, 'is_viewers_hidden': True, 'registered_at': '2020-11-17T13:42:12+09:00', 'last_updated_at': None, 'signed_in_with_facebook': None, 'signed_in_with_twitter': None, 'signed_in_with_google': None, 'signed_in_with_yahoo': None, 'signed_in_with_apple': None, 'user_status': 'bang', 'is_creator': False, 'premium_start_at': None, 'premium_charge_type': None, 'premium_payment_status': None, 'has_ppv_permission': None, 'has_active_email_token': None, 'email': None, 'pending_email': None, 'twitter_screen_name': None, 'hidden_channels': None, 'has_confirmed_email': True, 'is_approved_account': True, 'blacklist_count': None, 'blacklist_limit': None}","{'id': 'sagara_mayu', 'registered_user_id': True, 'openrec_user_id': 3758330, 'recxuser_id': 823666191, 'nickname': '相良茉優のFUN！FAN！FACTORY', 'introduction': '毎週月曜日配信の相良茉優がファンと一緒に楽しいことを作っていく番組です！\n\n番組推奨ハッシュタグ「#さがらFFF」\n是非ハッシュタグを付けて番組や相良茉優について呟いてください！\n\n「Discord」にてサブスク限定コミュニティも運営中！\n以下より連携方法をご確認ください。\nhttps://openrecnext.amebaownd.com/posts/11101764\n\n▼サブスク特典\nA席\n①メンバー限定放送・アーカイブ見放題\n②(入会初月のみ)翌月10日頃にOPENRECポイント300Pt付与\n③お誕生日月にお名前入り写真プレゼント(集合)※Discordにて前月中に申し込みの必要あり\n\nS席\n①メンバー限定放送・アーカイブ見放題\n②S席・SS席限定オフショット写真プレゼント\n③限定サイン入りチェキを抽選でプレゼント\n④(入会初月のみ)翌月10日頃にOPENRECポイント500Pt付与\n⑤お誕生日月にお名前入り写真プレゼント(個別)※Discordにて前月中に申し込みの必要あり\n\nSS席\n①メンバー限定配信・アーカイブ見放題\n②オフショット写真プレゼント\n③限定サイン入りチェキを抽選でプレゼント\n④視聴者参加型企画参加権利(抽選)\n⑤オフショット動画見放題\n⑥S席・SS席限定オフショット\n⑦(入会初月のみ)翌月10日頃にOPENRECポイント800Pt付与\n⑧お誕生日月にお名前をお呼びしたお祝い動画をプレゼント！\n\u3000(※Discordにて前月までに申し込みの必要あり)\n\n■相良茉優プロフィール\n京都府出身。4月17日生まれ。Digital Double所属。\n「アイドルメモリーズ」梶原未来で初めてのメインキャラを演じ、声優として活動を始める。\n2017年「ラブライブ！虹ヶ咲学園スクールアイドル同好会」で中須かすみに抜擢され、\n同作品のスクールアイドルとして現在放送中のアニメやゲーム・ライブで活動中。\n他にも、アプリ「ひぐらしのなく頃に命」(公由一穂)、アプリ「マギアレコード 魔法少女まどか☆マギカ外伝」(広江ちはる)等、多数作品に出演。2020年春に短編映画「時々は、眠れない夜に」に初めて実写での出演を果たした。\n', 'icon_image_url': 'https://hayabusa.io/openrec-image/user/8236662/823666191_202010211143.w90.ttl3600.png?format=png', 'l_icon_image_url': 'https://hayabusa.io/openrec-image/user/8236662/823666191_202010211143.w320.ttl3600.png?format=png', 'cover_image_url': 'https://hayabusa.io/openrec-image/user_background/8236662/823666191_202010211143.w210.ttl3600.png?format=png', 'l_cover_image_url': 'https://dqd0jw5gvbchn.cloudfront.net/user_background/8236662/823666191_202010211143.png', 'follows': 2, 'followers': 3677, 'is_premium': True, 'is_official': True, 'is_fresh': False, 'is_warned': False, 'is_team': False, 'is_league_yell': False, 'is_live': False, 'is_stats_hidden': False, 'live_views': 0, 'is_viewers_hidden': True, 'registered_at': '2020-10-19T20:34:04+09:00', 'last_updated_at': '2021-11-13T20:00:01+09:00', 'signed_in_with_facebook': None, 'signed_in_with_twitter': None, 'signed_in_with_google': None, 'signed_in_with_yahoo': None, 'signed_in_with_apple': None, 'user_status': 'special', 'is_creator': True, 'premium_start_at': None, 'premium_charge_type': None, 'premium_payment_status': None, 'has_ppv_permission': None, 'has_active_email_token': None, 'email': None, 'pending_email': None, 'twitter_screen_name': None, 'hidden_channels': None, 'has_confirmed_email': True, 'is_approved_account': True, 'blacklist_count': None, 'blacklist_limit': None}","{'name_color': '#FB7642', 'is_premium_hidden': False, 'is_official_hidden': False, 'is_subs_badge_hidden': False, 'is_subs_duration_hidden': False}",False,False,False,False,461938364,"[{'id': 1574, 'image_url': 'https://dqd0jw5gvbchn.cloudfront.net/badge/subscription/template/a9c440f7-c013-36a3-4484-3e412f520cc7.png', 'label': 'SS席', 'type': 'subscription', 'subscription': {'months': 12, 'tier': 2}}]",299,FES01,https://dqd0jw5gvbchn.cloudfront.net/yell/299/e40290c7cec606f0f867813e7a224bad976e2fac.gif,,,200,160,15,,carlego,True,3839562,843831486,carlego,,,,,,1,0,False,False,False,False,False,False,False,False,0,True,2020-11-17T13:42:12+09:00,,,,,,,bang,False,,,,,,,,,,True,True,,,1o8qe5j1g8k
30,613047,お疲れさまでした！,2021-05-18T05:02:30+09:00,channel,"{'id': 299, 'name': 'FES01', 'image_url': 'https://dqd0jw5gvbchn.cloudfront.net/yell/299/e40290c7cec606f0f867813e7a224bad976e2fac.gif', 'image_url_small': '', 'animation_url': '', 'points': 200, 'yells': 160, 'ticker_seconds': 15, 'channel': None}","{'id': 'shikkokuu0205', 'registered_user_id': True, 'openrec_user_id': 708361, 'recxuser_id': 66159914, 'nickname': 'しっこく', 'introduction': '', 'icon_image_url': 'https://hayabusa.io/openrec-image/user/661600/66159914.w90.ttl3600.v1621282258.png?format=png', 'l_icon_image_url': 'https://hayabusa.io/openrec-image/user/661600/66159914.w320.ttl3600.v1621282258.png?format=png', 'cover_image_url': '', 'l_cover_image_url': '', 'follows': 2, 'followers': 0, 'is_premium': False, 'is_official': False, 'is_fresh': False, 'is_warned': False, 'is_team': False, 'is_league_yell': False, 'is_live': False, 'is_stats_hidden': False, 'live_views': 0, 'is_viewers_hidden': True, 'registered_at': '2017-05-23T17:54:47+09:00', 'last_updated_at': None, 'signed_in_with_facebook': None, 'signed_in_with_twitter': None, 'signed_in_with_google': None, 'signed_in_with_yahoo': None, 'signed_in_with_apple': None, 'user_status': 'bang', 'is_creator': False, 'premium_start_at': None, 'premium_charge_type': None, 'premium_payment_status': None, 'has_ppv_permission': None, 'has_active_email_token': None, 'email': None, 'pending_email': None, 'twitter_screen_name': None, 'hidden_channels': None, 'has_confirmed_email': True, 'is_approved_account': True, 'blacklist_count': None, 'blacklist_limit': None}","{'id': 'sagara_mayu', 'registered_user_id': True, 'openrec_user_id': 3758330, 'recxuser_id': 823666191, 'nickname': '相良茉優のFUN！FAN！FACTORY', 'introduction': '毎週月曜日配信の相良茉優がファンと一緒に楽しいことを作っていく番組です！\n\n番組推奨ハッシュタグ「#さがらFFF」\n是非ハッシュタグを付けて番組や相良茉優について呟いてください！\n\n「Discord」にてサブスク限定コミュニティも運営中！\n以下より連携方法をご確認ください。\nhttps://openrecnext.amebaownd.com/posts/11101764\n\n▼サブスク特典\nA席\n①メンバー限定放送・アーカイブ見放題\n②(入会初月のみ)翌月10日頃にOPENRECポイント300Pt付与\n③お誕生日月にお名前入り写真プレゼント(集合)※Discordにて前月中に申し込みの必要あり\n\nS席\n①メンバー限定放送・アーカイブ見放題\n②S席・SS席限定オフショット写真プレゼント\n③限定サイン入りチェキを抽選でプレゼント\n④(入会初月のみ)翌月10日頃にOPENRECポイント500Pt付与\n⑤お誕生日月にお名前入り写真プレゼント(個別)※Discordにて前月中に申し込みの必要あり\n\nSS席\n①メンバー限定配信・アーカイブ見放題\n②オフショット写真プレゼント\n③限定サイン入りチェキを抽選でプレゼント\n④視聴者参加型企画参加権利(抽選)\n⑤オフショット動画見放題\n⑥S席・SS席限定オフショット\n⑦(入会初月のみ)翌月10日頃にOPENRECポイント800Pt付与\n⑧お誕生日月にお名前をお呼びしたお祝い動画をプレゼント！\n\u3000(※Discordにて前月までに申し込みの必要あり)\n\n■相良茉優プロフィール\n京都府出身。4月17日生まれ。Digital Double所属。\n「アイドルメモリーズ」梶原未来で初めてのメインキャラを演じ、声優として活動を始める。\n2017年「ラブライブ！虹ヶ咲学園スクールアイドル同好会」で中須かすみに抜擢され、\n同作品のスクールアイドルとして現在放送中のアニメやゲーム・ライブで活動中。\n他にも、アプリ「ひぐらしのなく頃に命」(公由一穂)、アプリ「マギアレコード 魔法少女まどか☆マギカ外伝」(広江ちはる)等、多数作品に出演。2020年春に短編映画「時々は、眠れない夜に」に初めて実写での出演を果たした。\n', 'icon_image_url': 'https://hayabusa.io/openrec-image/user/8236662/823666191_202010211143.w90.ttl3600.png?format=png', 'l_icon_image_url': 'https://hayabusa.io/openrec-image/user/8236662/823666191_202010211143.w320.ttl3600.png?format=png', 'cover_image_url': 'https://hayabusa.io/openrec-image/user_background/8236662/823666191_202010211143.w210.ttl3600.png?format=png', 'l_cover_image_url': 'https://dqd0jw5gvbchn.cloudfront.net/user_background/8236662/823666191_202010211143.png', 'follows': 2, 'followers': 3677, 'is_premium': True, 'is_official': True, 'is_fresh': False, 'is_warned': False, 'is_team': False, 'is_league_yell': False, 'is_live': False, 'is_stats_hidden': False, 'live_views': 0, 'is_viewers_hidden': True, 'registered_at': '2020-10-19T20:34:04+09:00', 'last_updated_at': '2021-11-13T20:00:01+09:00', 'signed_in_with_facebook': None, 'signed_in_with_twitter': None, 'signed_in_with_google': None, 'signed_in_with_yahoo': None, 'signed_in_with_apple': None, 'user_status': 'special', 'is_creator': True, 'premium_start_at': None, 'premium_charge_type': None, 'premium_payment_status': None, 'has_ppv_permission': None, 'has_active_email_token': None, 'email': None, 'pending_email': None, 'twitter_screen_name': None, 'hidden_channels': None, 'has_confirmed_email': True, 'is_approved_account': True, 'blacklist_count': None, 'blacklist_limit': None}","{'name_color': '#34AEF6', 'is_premium_hidden': False, 'is_official_hidden': False, 'is_subs_badge_hidden': False, 'is_subs_duration_hidden': False}",False,False,False,False,461938350,"[{'id': 1574, 'image_url': 'https://dqd0jw5gvbchn.cloudfront.net/badge/subscription/template/a9c440f7-c013-36a3-4484-3e412f520cc7.png', 'label': 'SS席', 'type': 'subscription', 'subscription': {'months': 13, 'tier': 2}}]",299,FES01,https://dqd0jw5gvbchn.cloudfront.net/yell/299/e40290c7cec606f0f867813e7a224bad976e2fac.gif,,,200,160,15,,shikkokuu0205,True,708361,66159914,しっこく,,https://hayabusa.io/openrec-image/user/661600/66159914.w90.ttl3600.v1621282258.png?format=png,https://hayabusa.io/openrec-image/user/661600/66159914.w320.ttl3600.v1621282258.png?format=png,,,2,0,False,False,False,False,False,False,False,False,0,True,2017-05-23T17:54:47+09:00,,,,,,,bang,False,,,,,,,,,,True,True,,,1o8qe5j1g8k
31,613046,お疲れ様です,2021-05-18T05:02:23+09:00,channel,"{'id': 299, 'name': 'FES01', 'image_url': 'https://dqd0jw5gvbchn.cloudfront.net/yell/299/e40290c7cec606f0f867813e7a224bad976e2fac.gif', 'image_url_small': '', 'animation_url': '', 'points': 200, 'yells': 160, 'ticker_seconds': 15, 'channel': None}","{'id': 'coconutofh', 'registered_user_id': True, 'openrec_user_id': 3758897, 'recxuser_id': 823817541, 'nickname': '宮子', 'introduction': '', 'icon_image_url': 'https://hayabusa.io/openrec-image/user/8238176/823817541.w90.ttl3600.v1628959115.png?format=png', 'l_icon_image_url': 'https://hayabusa.io/openrec-image/user/8238176/823817541.w320.ttl3600.v1628959115.png?format=png', 'cover_image_url': '', 'l_cover_image_url': '', 'follows': 6, 'followers': 0, 'is_premium': False, 'is_official': False, 'is_fresh': False, 'is_warned': False, 'is_team': False, 'is_league_yell': False, 'is_live': False, 'is_stats_hidden': False, 'live_views': 0, 'is_viewers_hidden': True, 'registered_at': '2020-10-20T01:26:37+09:00', 'last_updated_at': None, 'signed_in_with_facebook': None, 'signed_in_with_twitter': None, 'signed_in_with_google': None, 'signed_in_with_yahoo': None, 'signed_in_with_apple': None, 'user_status': 'bang', 'is_creator': False, 'premium_start_at': None, 'premium_charge_type': None, 'premium_payment_status': None, 'has_ppv_permission': None, 'has_active_email_token': None, 'email': None, 'pending_email': None, 'twitter_screen_name': None, 'hidden_channels': None, 'has_confirmed_email': True, 'is_approved_account': True, 'blacklist_count': None, 'blacklist_limit': None}","{'id': 'sagara_mayu', 'registered_user_id': True, 'openrec_user_id': 3758330, 'recxuser_id': 823666191, 'nickname': '相良茉優のFUN！FAN！FACTORY', 'introduction': '毎週月曜日配信の相良茉優がファンと一緒に楽しいことを作っていく番組です！\n\n番組推奨ハッシュタグ「#さがらFFF」\n是非ハッシュタグを付けて番組や相良茉優について呟いてください！\n\n「Discord」にてサブスク限定コミュニティも運営中！\n以下より連携方法をご確認ください。\nhttps://openrecnext.amebaownd.com/posts/11101764\n\n▼サブスク特典\nA席\n①メンバー限定放送・アーカイブ見放題\n②(入会初月のみ)翌月10日頃にOPENRECポイント300Pt付与\n③お誕生日月にお名前入り写真プレゼント(集合)※Discordにて前月中に申し込みの必要あり\n\nS席\n①メンバー限定放送・アーカイブ見放題\n②S席・SS席限定オフショット写真プレゼント\n③限定サイン入りチェキを抽選でプレゼント\n④(入会初月のみ)翌月10日頃にOPENRECポイント500Pt付与\n⑤お誕生日月にお名前入り写真プレゼント(個別)※Discordにて前月中に申し込みの必要あり\n\nSS席\n①メンバー限定配信・アーカイブ見放題\n②オフショット写真プレゼント\n③限定サイン入りチェキを抽選でプレゼント\n④視聴者参加型企画参加権利(抽選)\n⑤オフショット動画見放題\n⑥S席・SS席限定オフショット\n⑦(入会初月のみ)翌月10日頃にOPENRECポイント800Pt付与\n⑧お誕生日月にお名前をお呼びしたお祝い動画をプレゼント！\n\u3000(※Discordにて前月までに申し込みの必要あり)\n\n■相良茉優プロフィール\n京都府出身。4月17日生まれ。Digital Double所属。\n「アイドルメモリーズ」梶原未来で初めてのメインキャラを演じ、声優として活動を始める。\n2017年「ラブライブ！虹ヶ咲学園スクールアイドル同好会」で中須かすみに抜擢され、\n同作品のスクールアイドルとして現在放送中のアニメやゲーム・ライブで活動中。\n他にも、アプリ「ひぐらしのなく頃に命」(公由一穂)、アプリ「マギアレコード 魔法少女まどか☆マギカ外伝」(広江ちはる)等、多数作品に出演。2020年春に短編映画「時々は、眠れない夜に」に初めて実写での出演を果たした。\n', 'icon_image_url': 'https://hayabusa.io/openrec-image/user/8236662/823666191_202010211143.w90.ttl3600.png?format=png', 'l_icon_image_url': 'https://hayabusa.io/openrec-image/user/8236662/823666191_202010211143.w320.ttl3600.png?format=png', 'cover_image_url': 'https://hayabusa.io/openrec-image/user_background/8236662/823666191_202010211143.w210.ttl3600.png?format=png', 'l_cover_image_url': 'https://dqd0jw5gvbchn.cloudfront.net/user_background/8236662/823666191_202010211143.png', 'follows': 2, 'followers': 3677, 'is_premium': True, 'is_official': True, 'is_fresh': False, 'is_warned': False, 'is_team': False, 'is_league_yell': False, 'is_live': False, 'is_stats_hidden': False, 'live_views': 0, 'is_viewers_hidden': True, 'registered_at': '2020-10-19T20:34:04+09:00', 'last_updated_at': '2021-11-13T20:00:01+09:00', 'signed_in_with_facebook': None, 'signed_in_with_twitter': None, 'signed_in_with_google': None, 'signed_in_with_yahoo': None, 'signed_in_with_apple': None, 'user_status': 'special', 'is_creator': True, 'premium_start_at': None, 'premium_charge_type': None, 'premium_payment_status': None, 'has_ppv_permission': None, 'has_active_email_token': None, 'email': None, 'pending_email': None, 'twitter_screen_name': None, 'hidden_channels': None, 'has_confirmed_email': True, 'is_approved_account': True, 'blacklist_count': None, 'blacklist_limit': None}","{'name_color': '#F6A434', 'is_premium_hidden': False, 'is_official_hidden': False, 'is_subs_badge_hidden': False, 'is_subs_duration_hidden': False}",False,False,False,False,461938348,"[{'id': 1574, 'image_url': 'https://dqd0jw5gvbchn.cloudfront.net/badge/subscription/template/a9c440f7-c013-36a3-4484-3e412f520cc7.png', 'label': 'SS席', 'type': 'subscription', 'subscription': {'months': 13, 'tier': 2}}]",299,FES01,https://dqd0jw5gvbchn.cloudfront.net/yell/299/e40290c7cec606f0f867813e7a224bad976e2fac.gif,,,200,160,15,,coconutofh,True,3758897,823817541,宮子,,https://hayabusa.io/openrec-image/user/8238176/823817541.w90.ttl3600.v1628959115.png?format=png,https://hayabusa.io/openrec-image/user/8238176/823817541.w320.ttl3600.v1628959115.png?format=png,,,6,0,False,False,False,False,False,False,False,False,0,True,2020-10-20T01:26:37+09:00,,,,,,,bang,False,,,,,,,,,,True,True,,,1o8qe5j1g8k
32,613045,お疲れさまです👑,2021-05-18T05:02:20+09:00,channel,"{'id': 299, 'name': 'FES01', 'image_url': 'https://dqd0jw5gvbchn.cloudfront.net/yell/299/e40290c7cec606f0f867813e7a224bad976e2fac.gif', 'image_url_small': '', 'animation_url': '', 'points': 200, 'yells': 160, 'ticker_seconds': 15, 'channel': None}","{'id': 'sorairo-myc', 'registered_user_id': True, 'openrec_user_id': 3962593, 'recxuser_id': 881887441, 'nickname': '青空彩', 'introduction': None, 'icon_image_url': 'https://hayabusa.io/openrec-image/user/8818875/881887441.w90.ttl3600.v1610453743.png?format=png', 'l_icon_image_url': 'https://hayabusa.io/openrec-image/user/8818875/881887441.w320.ttl3600.v1610453743.png?format=png', 'cover_image_url': '', 'l_cover_image_url': '', 'follows': 2, 'followers': 0, 'is_premium': False, 'is_official': False, 'is_fresh': False, 'is_warned': False, 'is_team': False, 'is_league_yell': False, 'is_live': False, 'is_stats_hidden': False, 'live_views': 0, 'is_viewers_hidden': True, 'registered_at': '2021-01-12T21:15:42+09:00', 'last_updated_at': None, 'signed_in_with_facebook': None, 'signed_in_with_twitter': None, 'signed_in_with_google': None, 'signed_in_with_yahoo': None, 'signed_in_with_apple': None, 'user_status': 'bang', 'is_creator': False, 'premium_start_at': None, 'premium_charge_type': None, 'premium_payment_status': None, 'has_ppv_permission': None, 'has_active_email_token': None, 'email': None, 'pending_email': None, 'twitter_screen_name': None, 'hidden_channels': None, 'has_confirmed_email': True, 'is_approved_account': True, 'blacklist_count': None, 'blacklist_limit': None}","{'id': 'sagara_mayu', 'registered_user_id': True, 'openrec_user_id': 3758330, 'recxuser_id': 823666191, 'nickname': '相良茉優のFUN！FAN！FACTORY', 'introduction': '毎週月曜日配信の相良茉優がファンと一緒に楽しいことを作っていく番組です！\n\n番組推奨ハッシュタグ「#さがらFFF」\n是非ハッシュタグを付けて番組や相良茉優について呟いてください！\n\n「Discord」にてサブスク限定コミュニティも運営中！\n以下より連携方法をご確認ください。\nhttps://openrecnext.amebaownd.com/posts/11101764\n\n▼サブスク特典\nA席\n①メンバー限定放送・アーカイブ見放題\n②(入会初月のみ)翌月10日頃にOPENRECポイント300Pt付与\n③お誕生日月にお名前入り写真プレゼント(集合)※Discordにて前月中に申し込みの必要あり\n\nS席\n①メンバー限定放送・アーカイブ見放題\n②S席・SS席限定オフショット写真プレゼント\n③限定サイン入りチェキを抽選でプレゼント\n④(入会初月のみ)翌月10日頃にOPENRECポイント500Pt付与\n⑤お誕生日月にお名前入り写真プレゼント(個別)※Discordにて前月中に申し込みの必要あり\n\nSS席\n①メンバー限定配信・アーカイブ見放題\n②オフショット写真プレゼント\n③限定サイン入りチェキを抽選でプレゼント\n④視聴者参加型企画参加権利(抽選)\n⑤オフショット動画見放題\n⑥S席・SS席限定オフショット\n⑦(入会初月のみ)翌月10日頃にOPENRECポイント800Pt付与\n⑧お誕生日月にお名前をお呼びしたお祝い動画をプレゼント！\n\u3000(※Discordにて前月までに申し込みの必要あり)\n\n■相良茉優プロフィール\n京都府出身。4月17日生まれ。Digital Double所属。\n「アイドルメモリーズ」梶原未来で初めてのメインキャラを演じ、声優として活動を始める。\n2017年「ラブライブ！虹ヶ咲学園スクールアイドル同好会」で中須かすみに抜擢され、\n同作品のスクールアイドルとして現在放送中のアニメやゲーム・ライブで活動中。\n他にも、アプリ「ひぐらしのなく頃に命」(公由一穂)、アプリ「マギアレコード 魔法少女まどか☆マギカ外伝」(広江ちはる)等、多数作品に出演。2020年春に短編映画「時々は、眠れない夜に」に初めて実写での出演を果たした。\n', 'icon_image_url': 'https://hayabusa.io/openrec-image/user/8236662/823666191_202010211143.w90.ttl3600.png?format=png', 'l_icon_image_url': 'https://hayabusa.io/openrec-image/user/8236662/823666191_202010211143.w320.ttl3600.png?format=png', 'cover_image_url': 'https://hayabusa.io/openrec-image/user_background/8236662/823666191_202010211143.w210.ttl3600.png?format=png', 'l_cover_image_url': 'https://dqd0jw5gvbchn.cloudfront.net/user_background/8236662/823666191_202010211143.png', 'follows': 2, 'followers': 3677, 'is_premium': True, 'is_official': True, 'is_fresh': False, 'is_warned': False, 'is_team': False, 'is_league_yell': False, 'is_live': False, 'is_stats_hidden': False, 'live_views': 0, 'is_viewers_hidden': True, 'registered_at': '2020-10-19T20:34:04+09:00', 'last_updated_at': '2021-11-13T20:00:01+09:00', 'signed_in_with_facebook': None, 'signed_in_with_twitter': None, 'signed_in_with_google': None, 'signed_in_with_yahoo': None, 'signed_in_with_apple': None, 'user_status': 'special', 'is_creator': True, 'premium_start_at': None, 'premium_charge_type': None, 'premium_payment_status': None, 'has_ppv_permission': None, 'has_active_email_token': None, 'email': None, 'pending_email': None, 'twitter_screen_name': None, 'hidden_channels': None, 'has_confirmed_email': True, 'is_approved_account': True, 'blacklist_count': None, 'blacklist_limit': None}","{'name_color': '#F6A434', 'is_premium_hidden': False, 'is_official_hidden': False, 'is_subs_badge_hidden': False, 'is_subs_duration_hidden': False}",False,False,False,False,461938341,"[{'id': 1574, 'image_url': 'https://dqd0jw5gvbchn.cloudfront.net/badge/subscription/template/a9c440f7-c013-36a3-4484-3e412f520cc7.png', 'label': 'SS席', 'type': 'subscription', 'subscription': {'months': 8, 'tier': 2}}]",299,FES01,https://dqd0jw5gvbchn.cloudfront.net/yell/299/e40290c7cec606f0f867813e7a224bad976e2fac.gif,,,200,160,15,,sorairo-myc,True,3962593,881887441,青空彩,,https://hayabusa.io/openrec-image/user/8818875/881887441.w90.ttl3600.v1610453743.png?format=png,https://hayabusa.io/openrec-image/user/8818875/881887441.w320.ttl3600.v1610453743.png?format=png,,,2,0,False,False,False,False,False,False,False,False,0,True,2021-01-12T21:15:42+09:00,,,,,,,bang,False,,,,,,,,,,True,True,,,1o8qe5j1g8k
33,613044,バイオ全クリしてからが真の闇配信だった。お疲れ様です。寝てください。,2021-05-18T05:02:15+09:00,channel,"{'id': 304, 'name': 'may02', 'image_url': 'https://dqd0jw5gvbchn.cloudfront.net/yell/304/2d93069f9af1f6dca8c2c5832466a64d2f546397.gif', 'image_url_small': '', 'animation_url': '', 'points': 500, 'yells': 400, 'ticker_seconds': 15, 'channel': None}","{'id': 'zammy3deathyo', 'registered_user_id': True, 'openrec_user_id': 3806093, 'recxuser_id': 833574224, 'nickname': 'ざみさん', 'introduction': '', 'icon_image_url': 'https://hayabusa.io/openrec-image/user/8335743/833574224.w90.ttl3600.v1624968579.png?format=png', 'l_icon_image_url': 'https://hayabusa.io/openrec-image/user/8335743/833574224.w320.ttl3600.v1624968579.png?format=png', 'cover_image_url': '', 'l_cover_image_url': '', 'follows': 3, 'followers': 1, 'is_premium': False, 'is_official': False, 'is_fresh': False, 'is_warned': False, 'is_team': False, 'is_league_yell': False, 'is_live': False, 'is_stats_hidden': False, 'live_views': 0, 'is_viewers_hidden': True, 'registered_at': '2020-11-02T20:24:58+09:00', 'last_updated_at': None, 'signed_in_with_facebook': None, 'signed_in_with_twitter': None, 'signed_in_with_google': None, 'signed_in_with_yahoo': None, 'signed_in_with_apple': None, 'user_status': 'bang', 'is_creator': False, 'premium_start_at': None, 'premium_charge_type': None, 'premium_payment_status': None, 'has_ppv_permission': None, 'has_active_email_token': None, 'email': None, 'pending_email': None, 'twitter_screen_name': None, 'hidden_channels': None, 'has_confirmed_email': True, 'is_approved_account': True, 'blacklist_count': None, 'blacklist_limit': None}","{'id': 'sagara_mayu', 'registered_user_id': True, 'openrec_user_id': 3758330, 'recxuser_id': 823666191, 'nickname': '相良茉優のFUN！FAN！FACTORY', 'introduction': '毎週月曜日配信の相良茉優がファンと一緒に楽しいことを作っていく番組です！\n\n番組推奨ハッシュタグ「#さがらFFF」\n是非ハッシュタグを付けて番組や相良茉優について呟いてください！\n\n「Discord」にてサブスク限定コミュニティも運営中！\n以下より連携方法をご確認ください。\nhttps://openrecnext.amebaownd.com/posts/11101764\n\n▼サブスク特典\nA席\n①メンバー限定放送・アーカイブ見放題\n②(入会初月のみ)翌月10日頃にOPENRECポイント300Pt付与\n③お誕生日月にお名前入り写真プレゼント(集合)※Discordにて前月中に申し込みの必要あり\n\nS席\n①メンバー限定放送・アーカイブ見放題\n②S席・SS席限定オフショット写真プレゼント\n③限定サイン入りチェキを抽選でプレゼント\n④(入会初月のみ)翌月10日頃にOPENRECポイント500Pt付与\n⑤お誕生日月にお名前入り写真プレゼント(個別)※Discordにて前月中に申し込みの必要あり\n\nSS席\n①メンバー限定配信・アーカイブ見放題\n②オフショット写真プレゼント\n③限定サイン入りチェキを抽選でプレゼント\n④視聴者参加型企画参加権利(抽選)\n⑤オフショット動画見放題\n⑥S席・SS席限定オフショット\n⑦(入会初月のみ)翌月10日頃にOPENRECポイント800Pt付与\n⑧お誕生日月にお名前をお呼びしたお祝い動画をプレゼント！\n\u3000(※Discordにて前月までに申し込みの必要あり)\n\n■相良茉優プロフィール\n京都府出身。4月17日生まれ。Digital Double所属。\n「アイドルメモリーズ」梶原未来で初めてのメインキャラを演じ、声優として活動を始める。\n2017年「ラブライブ！虹ヶ咲学園スクールアイドル同好会」で中須かすみに抜擢され、\n同作品のスクールアイドルとして現在放送中のアニメやゲーム・ライブで活動中。\n他にも、アプリ「ひぐらしのなく頃に命」(公由一穂)、アプリ「マギアレコード 魔法少女まどか☆マギカ外伝」(広江ちはる)等、多数作品に出演。2020年春に短編映画「時々は、眠れない夜に」に初めて実写での出演を果たした。\n', 'icon_image_url': 'https://hayabusa.io/openrec-image/user/8236662/823666191_202010211143.w90.ttl3600.png?format=png', 'l_icon_image_url': 'https://hayabusa.io/openrec-image/user/8236662/823666191_202010211143.w320.ttl3600.png?format=png', 'cover_image_url': 'https://hayabusa.io/openrec-image/user_background/8236662/823666191_202010211143.w210.ttl3600.png?format=png', 'l_cover_image_url': 'https://dqd0jw5gvbchn.cloudfront.net/user_background/8236662/823666191_202010211143.png', 'follows': 2, 'followers': 3677, 'is_premium': True, 'is_official': True, 'is_fresh': False, 'is_warned': False, 'is_team': False, 'is_league_yell': False, 'is_live': False, 'is_stats_hidden': False, 'live_views': 0, 'is_viewers_hidden': True, 'registered_at': '2020-10-19T20:34:04+09:00', 'last_updated_at': '2021-11-13T20:00:01+09:00', 'signed_in_with_facebook': None, 'signed_in_with_twitter': None, 'signed_in_with_google': None, 'signed_in_with_yahoo': None, 'signed_in_with_apple': None, 'user_status': 'special', 'is_creator': True, 'premium_start_at': None, 'premium_charge_type': None, 'premium_payment_status': None, 'has_ppv_permission': None, 'has_active_email_token': None, 'email': None, 'pending_email': None, 'twitter_screen_name': None, 'hidden_channels': None, 'has_confirmed_email': True, 'is_approved_account': True, 'blacklist_count': None, 'blacklist_limit': None}","{'name_color': '#34AEF6', 'is_premium_hidden': False, 'is_official_hidden': False, 'is_subs_badge_hidden': False, 'is_subs_duration_hidden': False}",False,False,False,False,461938326,"[{'id': 1574, 'image_url': 'https://dqd0jw5gvbchn.cloudfront.net/badge/subscription/template/a9c440f7-c013-36a3-4484-3e412f520cc7.png', 'label': 'SS席', 'type': 'subscription', 'subscription': {'months': 13, 'tier': 2}}]",304,may02,https://dqd0jw5gvbchn.cloudfront.net/yell/304/2d93069f9af1f6dca8c2c5832466a64d2f546397.gif,,,500,400,15,,zammy3deathyo,True,3806093,833574224,ざみさん,,https://hayabusa.io/openrec-image/user/8335743/833574224.w90.ttl3600.v1624968579.png?format=png,https://hayabusa.io/openrec-image/user/8335743/833574224.w320.ttl3600.v1624968579.png?format=png,,,3,1,False,False,False,False,False,False,False,False,0,True,2020-11-02T20:24:58+09:00,,,,,,,bang,False,,,,,,,,,,True,True,,,1o8qe5j1g8k
34,613043,お疲れ様です！,2021-05-18T05:02:10+09:00,channel,"{'id': 299, 'name': 'FES01', 'image_url': 'https://dqd0jw5gvbchn.cloudfront.net/yell/299/e40290c7cec606f0f867813e7a224bad976e2fac.gif', 'image_url_small': '', 'animation_url': '', 'points': 200, 'yells': 160, 'ticker_seconds': 15, 'channel': None}","{'id': 'pri_mra', 'registered_user_id': True, 'openrec_user_id': 3760803, 'recxuser_id': 824982278, 'nickname': 'プリ村', 'introduction': '', 'icon_image_url': 'https://hayabusa.io/openrec-image/user/8249823/824982278.w90.ttl3600.v1603273687.png?format=png', 'l_icon_image_url': 'https://hayabusa.io/openrec-image/user/8249823/824982278.w320.ttl3600.v1603273687.png?format=png', 'cover_image_url': '', 'l_cover_image_url': '', 'follows': 6, 'followers': 0, 'is_premium': False, 'is_official': False, 'is_fresh': False, 'is_warned': False, 'is_team': False, 'is_league_yell': False, 'is_live': False, 'is_stats_hidden': False, 'live_views': 0, 'is_viewers_hidden': True, 'registered_at': '2020-10-21T18:48:07+09:00', 'last_updated_at': None, 'signed_in_with_facebook': None, 'signed_in_with_twitter': None, 'signed_in_with_google': None, 'signed_in_with_yahoo': None, 'signed_in_with_apple': None, 'user_status': 'bang', 'is_creator': False, 'premium_start_at': None, 'premium_charge_type': None, 'premium_payment_status': None, 'has_ppv_permission': None, 'has_active_email_token': None, 'email': None, 'pending_email': None, 'twitter_screen_name': None, 'hidden_channels': None, 'has_confirmed_email': True, 'is_approved_account': True, 'blacklist_count': None, 'blacklist_limit': None}","{'id': 'sagara_mayu', 'registered_user_id': True, 'openrec_user_id': 3758330, 'recxuser_id': 823666191, 'nickname': '相良茉優のFUN！FAN！FACTORY', 'introduction': '毎週月曜日配信の相良茉優がファンと一緒に楽しいことを作っていく番組です！\n\n番組推奨ハッシュタグ「#さがらFFF」\n是非ハッシュタグを付けて番組や相良茉優について呟いてください！\n\n「Discord」にてサブスク限定コミュニティも運営中！\n以下より連携方法をご確認ください。\nhttps://openrecnext.amebaownd.com/posts/11101764\n\n▼サブスク特典\nA席\n①メンバー限定放送・アーカイブ見放題\n②(入会初月のみ)翌月10日頃にOPENRECポイント300Pt付与\n③お誕生日月にお名前入り写真プレゼント(集合)※Discordにて前月中に申し込みの必要あり\n\nS席\n①メンバー限定放送・アーカイブ見放題\n②S席・SS席限定オフショット写真プレゼント\n③限定サイン入りチェキを抽選でプレゼント\n④(入会初月のみ)翌月10日頃にOPENRECポイント500Pt付与\n⑤お誕生日月にお名前入り写真プレゼント(個別)※Discordにて前月中に申し込みの必要あり\n\nSS席\n①メンバー限定配信・アーカイブ見放題\n②オフショット写真プレゼント\n③限定サイン入りチェキを抽選でプレゼント\n④視聴者参加型企画参加権利(抽選)\n⑤オフショット動画見放題\n⑥S席・SS席限定オフショット\n⑦(入会初月のみ)翌月10日頃にOPENRECポイント800Pt付与\n⑧お誕生日月にお名前をお呼びしたお祝い動画をプレゼント！\n\u3000(※Discordにて前月までに申し込みの必要あり)\n\n■相良茉優プロフィール\n京都府出身。4月17日生まれ。Digital Double所属。\n「アイドルメモリーズ」梶原未来で初めてのメインキャラを演じ、声優として活動を始める。\n2017年「ラブライブ！虹ヶ咲学園スクールアイドル同好会」で中須かすみに抜擢され、\n同作品のスクールアイドルとして現在放送中のアニメやゲーム・ライブで活動中。\n他にも、アプリ「ひぐらしのなく頃に命」(公由一穂)、アプリ「マギアレコード 魔法少女まどか☆マギカ外伝」(広江ちはる)等、多数作品に出演。2020年春に短編映画「時々は、眠れない夜に」に初めて実写での出演を果たした。\n', 'icon_image_url': 'https://hayabusa.io/openrec-image/user/8236662/823666191_202010211143.w90.ttl3600.png?format=png', 'l_icon_image_url': 'https://hayabusa.io/openrec-image/user/8236662/823666191_202010211143.w320.ttl3600.png?format=png', 'cover_image_url': 'https://hayabusa.io/openrec-image/user_background/8236662/823666191_202010211143.w210.ttl3600.png?format=png', 'l_cover_image_url': 'https://dqd0jw5gvbchn.cloudfront.net/user_background/8236662/823666191_202010211143.png', 'follows': 2, 'followers': 3677, 'is_premium': True, 'is_official': True, 'is_fresh': False, 'is_warned': False, 'is_team': False, 'is_league_yell': False, 'is_live': False, 'is_stats_hidden': False, 'live_views': 0, 'is_viewers_hidden': True, 'registered_at': '2020-10-19T20:34:04+09:00', 'last_updated_at': '2021-11-13T20:00:01+09:00', 'signed_in_with_facebook': None, 'signed_in_with_twitter': None, 'signed_in_with_google': None, 'signed_in_with_yahoo': None, 'signed_in_with_apple': None, 'user_status': 'special', 'is_creator': True, 'premium_start_at': None, 'premium_charge_type': None, 'premium_payment_status': None, 'has_ppv_permission': None, 'has_active_email_token': None, 'email': None, 'pending_email': None, 'twitter_screen_name': None, 'hidden_channels': None, 'has_confirmed_email': True, 'is_approved_account': True, 'blacklist_count': None, 'blacklist_limit': None}","{'name_color': '#4DF77A', 'is_premium_hidden': False, 'is_official_hidden': False, 'is_subs_badge_hidden': False, 'is_subs_duration_hidden': False}",False,False,False,False,461938323,"[{'id': 1574, 'image_url': 'https://dqd0jw5gvbchn.cloudfront.net/badge/subscription/template/a9c440f7-c013-36a3-4484-3e412f520cc7.png', 'label': 'SS席', 'type': 'subscription', 'subscription': {'months': 13, 'tier': 2}}]",299,FES01,https://dqd0jw5gvbchn.cloudfront.net/yell/299/e40290c7cec606f0f867813e7a224bad976e2fac.gif,,,200,160,15,,pri_mra,True,3760803,824982278,プリ村,,https://hayabusa.io/openrec-image/user/8249823/824982278.w90.ttl3600.v1603273687.png?format=png,https://hayabusa.io/openrec-image/user/8249823/824982278.w320.ttl3600.v1603273687.png?format=png,,,6,0,False,False,False,False,False,False,False,False,0,True,2020-10-21T18:48:07+09:00,,,,,,,bang,False,,,,,,,,,,True,True,,,1o8qe5j1g8k
35,613042,お疲れさまです！,2021-05-18T05:02:09+09:00,channel,"{'id': 21, 'name': '240', 'image_url': 'https://dqd0jw5gvbchn.cloudfront.net/yell/21/4672e33ca0c66f2e0f74e7cbc210b4389b2a1ed6.png', 'image_url_small': '', 'animation_url': '', 'points': 300, 'yells': 240, 'ticker_seconds': 15, 'channel': None}","{'id': 'lur09839331', 'registered_user_id': True, 'openrec_user_id': 3805554, 'recxuser_id': 829119191, 'nickname': 'ゆっぺ', 'introduction': '', 'icon_image_url': '', 'l_icon_image_url': '', 'cover_image_url': '', 'l_cover_image_url': '', 'follows': 1, 'followers': 0, 'is_premium': False, 'is_official': False, 'is_fresh': False, 'is_warned': False, 'is_team': False, 'is_league_yell': False, 'is_live': False, 'is_stats_hidden': False, 'live_views': 0, 'is_viewers_hidden': True, 'registered_at': '2020-11-02T17:50:23+09:00', 'last_updated_at': None, 'signed_in_with_facebook': None, 'signed_in_with_twitter': None, 'signed_in_with_google': None, 'signed_in_with_yahoo': None, 'signed_in_with_apple': None, 'user_status': 'bang', 'is_creator': False, 'premium_start_at': None, 'premium_charge_type': None, 'premium_payment_status': None, 'has_ppv_permission': None, 'has_active_email_token': None, 'email': None, 'pending_email': None, 'twitter_screen_name': None, 'hidden_channels': None, 'has_confirmed_email': True, 'is_approved_account': True, 'blacklist_count': None, 'blacklist_limit': None}","{'id': 'sagara_mayu', 'registered_user_id': True, 'openrec_user_id': 3758330, 'recxuser_id': 823666191, 'nickname': '相良茉優のFUN！FAN！FACTORY', 'introduction': '毎週月曜日配信の相良茉優がファンと一緒に楽しいことを作っていく番組です！\n\n番組推奨ハッシュタグ「#さがらFFF」\n是非ハッシュタグを付けて番組や相良茉優について呟いてください！\n\n「Discord」にてサブスク限定コミュニティも運営中！\n以下より連携方法をご確認ください。\nhttps://openrecnext.amebaownd.com/posts/11101764\n\n▼サブスク特典\nA席\n①メンバー限定放送・アーカイブ見放題\n②(入会初月のみ)翌月10日頃にOPENRECポイント300Pt付与\n③お誕生日月にお名前入り写真プレゼント(集合)※Discordにて前月中に申し込みの必要あり\n\nS席\n①メンバー限定放送・アーカイブ見放題\n②S席・SS席限定オフショット写真プレゼント\n③限定サイン入りチェキを抽選でプレゼント\n④(入会初月のみ)翌月10日頃にOPENRECポイント500Pt付与\n⑤お誕生日月にお名前入り写真プレゼント(個別)※Discordにて前月中に申し込みの必要あり\n\nSS席\n①メンバー限定配信・アーカイブ見放題\n②オフショット写真プレゼント\n③限定サイン入りチェキを抽選でプレゼント\n④視聴者参加型企画参加権利(抽選)\n⑤オフショット動画見放題\n⑥S席・SS席限定オフショット\n⑦(入会初月のみ)翌月10日頃にOPENRECポイント800Pt付与\n⑧お誕生日月にお名前をお呼びしたお祝い動画をプレゼント！\n\u3000(※Discordにて前月までに申し込みの必要あり)\n\n■相良茉優プロフィール\n京都府出身。4月17日生まれ。Digital Double所属。\n「アイドルメモリーズ」梶原未来で初めてのメインキャラを演じ、声優として活動を始める。\n2017年「ラブライブ！虹ヶ咲学園スクールアイドル同好会」で中須かすみに抜擢され、\n同作品のスクールアイドルとして現在放送中のアニメやゲーム・ライブで活動中。\n他にも、アプリ「ひぐらしのなく頃に命」(公由一穂)、アプリ「マギアレコード 魔法少女まどか☆マギカ外伝」(広江ちはる)等、多数作品に出演。2020年春に短編映画「時々は、眠れない夜に」に初めて実写での出演を果たした。\n', 'icon_image_url': 'https://hayabusa.io/openrec-image/user/8236662/823666191_202010211143.w90.ttl3600.png?format=png', 'l_icon_image_url': 'https://hayabusa.io/openrec-image/user/8236662/823666191_202010211143.w320.ttl3600.png?format=png', 'cover_image_url': 'https://hayabusa.io/openrec-image/user_background/8236662/823666191_202010211143.w210.ttl3600.png?format=png', 'l_cover_image_url': 'https://dqd0jw5gvbchn.cloudfront.net/user_background/8236662/823666191_202010211143.png', 'follows': 2, 'followers': 3677, 'is_premium': True, 'is_official': True, 'is_fresh': False, 'is_warned': False, 'is_team': False, 'is_league_yell': False, 'is_live': False, 'is_stats_hidden': False, 'live_views': 0, 'is_viewers_hidden': True, 'registered_at': '2020-10-19T20:34:04+09:00', 'last_updated_at': '2021-11-13T20:00:01+09:00', 'signed_in_with_facebook': None, 'signed_in_with_twitter': None, 'signed_in_with_google': None, 'signed_in_with_yahoo': None, 'signed_in_with_apple': None, 'user_status': 'special', 'is_creator': True, 'premium_start_at': None, 'premium_charge_type': None, 'premium_payment_status': None, 'has_ppv_permission': None, 'has_active_email_token': None, 'email': None, 'pending_email': None, 'twitter_screen_name': None, 'hidden_channels': None, 'has_confirmed_email': True, 'is_approved_account': True, 'blacklist_count': None, 'blacklist_limit': None}","{'name_color': '#F6A434', 'is_premium_hidden': False, 'is_official_hidden': False, 'is_subs_badge_hidden': False, 'is_subs_duration_hidden': False}",False,False,False,False,461938321,"[{'id': 1573, 'image_url': 'https://dqd0jw5gvbchn.cloudfront.net/badge/subscription/template/a9c440f7-c013-36a3-4484-3e412f520cc7.png', 'label': 'S席', 'type': 'subscription', 'subscription': {'months': 13, 'tier': 1}}]",21,240,https://dqd0jw5gvbchn.cloudfront.net/yell/21/4672e33ca0c66f2e0f74e7cbc210b4389b2a1ed6.png,,,300,240,15,,lur09839331,True,3805554,829119191,ゆっぺ,,,,,,1,0,False,False,False,False,False,False,False,False,0,True,2020-11-02T17:50:23+09:00,,,,,,,bang,False,,,,,,,,,,True,True,,,1o8qe5j1g8k
36,613041,お疲れ様ですー,2021-05-18T05:01:59+09:00,channel,"{'id': 299, 'name': 'FES01', 'image_url': 'https://dqd0jw5gvbchn.cloudfront.net/yell/299/e40290c7cec606f0f867813e7a224bad976e2fac.gif', 'image_url_small': '', 'animation_url': '', 'points': 200, 'yells': 160, 'ticker_seconds': 15, 'channel': None}","{'id': 'kokaichen', 'registered_user_id': True, 'openrec_user_id': 3758840, 'recxuser_id': 823793780, 'nickname': 'コカイチェン', 'introduction': '', 'icon_image_url': 'https://hayabusa.io/openrec-image/user/8237938/823793780.w90.ttl3600.v1603121999.png?format=png', 'l_icon_image_url': 'https://hayabusa.io/openrec-image/user/8237938/823793780.w320.ttl3600.v1603121999.png?format=png', 'cover_image_url': '', 'l_cover_image_url': '', 'follows': 5, 'followers': 1, 'is_premium': False, 'is_official': False, 'is_fresh': False, 'is_warned': False, 'is_team': False, 'is_league_yell': False, 'is_live': False, 'is_stats_hidden': False, 'live_views': 0, 'is_viewers_hidden': True, 'registered_at': '2020-10-20T00:39:58+09:00', 'last_updated_at': None, 'signed_in_with_facebook': None, 'signed_in_with_twitter': None, 'signed_in_with_google': None, 'signed_in_with_yahoo': None, 'signed_in_with_apple': None, 'user_status': 'bang', 'is_creator': False, 'premium_start_at': None, 'premium_charge_type': None, 'premium_payment_status': None, 'has_ppv_permission': None, 'has_active_email_token': None, 'email': None, 'pending_email': None, 'twitter_screen_name': None, 'hidden_channels': None, 'has_confirmed_email': True, 'is_approved_account': True, 'blacklist_count': None, 'blacklist_limit': None}","{'id': 'sagara_mayu', 'registered_user_id': True, 'openrec_user_id': 3758330, 'recxuser_id': 823666191, 'nickname': '相良茉優のFUN！FAN！FACTORY', 'introduction': '毎週月曜日配信の相良茉優がファンと一緒に楽しいことを作っていく番組です！\n\n番組推奨ハッシュタグ「#さがらFFF」\n是非ハッシュタグを付けて番組や相良茉優について呟いてください！\n\n「Discord」にてサブスク限定コミュニティも運営中！\n以下より連携方法をご確認ください。\nhttps://openrecnext.amebaownd.com/posts/11101764\n\n▼サブスク特典\nA席\n①メンバー限定放送・アーカイブ見放題\n②(入会初月のみ)翌月10日頃にOPENRECポイント300Pt付与\n③お誕生日月にお名前入り写真プレゼント(集合)※Discordにて前月中に申し込みの必要あり\n\nS席\n①メンバー限定放送・アーカイブ見放題\n②S席・SS席限定オフショット写真プレゼント\n③限定サイン入りチェキを抽選でプレゼント\n④(入会初月のみ)翌月10日頃にOPENRECポイント500Pt付与\n⑤お誕生日月にお名前入り写真プレゼント(個別)※Discordにて前月中に申し込みの必要あり\n\nSS席\n①メンバー限定配信・アーカイブ見放題\n②オフショット写真プレゼント\n③限定サイン入りチェキを抽選でプレゼント\n④視聴者参加型企画参加権利(抽選)\n⑤オフショット動画見放題\n⑥S席・SS席限定オフショット\n⑦(入会初月のみ)翌月10日頃にOPENRECポイント800Pt付与\n⑧お誕生日月にお名前をお呼びしたお祝い動画をプレゼント！\n\u3000(※Discordにて前月までに申し込みの必要あり)\n\n■相良茉優プロフィール\n京都府出身。4月17日生まれ。Digital Double所属。\n「アイドルメモリーズ」梶原未来で初めてのメインキャラを演じ、声優として活動を始める。\n2017年「ラブライブ！虹ヶ咲学園スクールアイドル同好会」で中須かすみに抜擢され、\n同作品のスクールアイドルとして現在放送中のアニメやゲーム・ライブで活動中。\n他にも、アプリ「ひぐらしのなく頃に命」(公由一穂)、アプリ「マギアレコード 魔法少女まどか☆マギカ外伝」(広江ちはる)等、多数作品に出演。2020年春に短編映画「時々は、眠れない夜に」に初めて実写での出演を果たした。\n', 'icon_image_url': 'https://hayabusa.io/openrec-image/user/8236662/823666191_202010211143.w90.ttl3600.png?format=png', 'l_icon_image_url': 'https://hayabusa.io/openrec-image/user/8236662/823666191_202010211143.w320.ttl3600.png?format=png', 'cover_image_url': 'https://hayabusa.io/openrec-image/user_background/8236662/823666191_202010211143.w210.ttl3600.png?format=png', 'l_cover_image_url': 'https://dqd0jw5gvbchn.cloudfront.net/user_background/8236662/823666191_202010211143.png', 'follows': 2, 'followers': 3677, 'is_premium': True, 'is_official': True, 'is_fresh': False, 'is_warned': False, 'is_team': False, 'is_league_yell': False, 'is_live': False, 'is_stats_hidden': False, 'live_views': 0, 'is_viewers_hidden': True, 'registered_at': '2020-10-19T20:34:04+09:00', 'last_updated_at': '2021-11-13T20:00:01+09:00', 'signed_in_with_facebook': None, 'signed_in_with_twitter': None, 'signed_in_with_google': None, 'signed_in_with_yahoo': None, 'signed_in_with_apple': None, 'user_status': 'special', 'is_creator': True, 'premium_start_at': None, 'premium_charge_type': None, 'premium_payment_status': None, 'has_ppv_permission': None, 'has_active_email_token': None, 'email': None, 'pending_email': None, 'twitter_screen_name': None, 'hidden_channels': None, 'has_confirmed_email': True, 'is_approved_account': True, 'blacklist_count': None, 'blacklist_limit': None}","{'name_color': '#F75D52', 'is_premium_hidden': False, 'is_official_hidden': False, 'is_subs_badge_hidden': False, 'is_subs_duration_hidden': False}",False,False,False,False,461938310,"[{'id': 1574, 'image_url': 'https://dqd0jw5gvbchn.cloudfront.net/badge/subscription/template/a9c440f7-c013-36a3-4484-3e412f520cc7.png', 'label': 'SS席', 'type': 'subscription', 'subscription': {'months': 13, 'tier': 2}}]",299,FES01,https://dqd0jw5gvbchn.cloudfront.net/yell/299/e40290c7cec606f0f867813e7a224bad976e2fac.gif,,,200,160,15,,kokaichen,True,3758840,823793780,コカイチェン,,https://hayabusa.io/openrec-image/user/8237938/823793780.w90.ttl3600.v1603121999.png?format=png,https://hayabusa.io/openrec-image/user/8237938/823793780.w320.ttl3600.v1603121999.png?format=png,,,5,1,False,False,False,False,False,False,False,False,0,True,2020-10-20T00:39:58+09:00,,,,,,,bang,False,,,,,,,,,,True,True,,,1o8qe5j1g8k
37,613040,お疲れ様です。,2021-05-18T05:01:41+09:00,channel,"{'id': 301, 'name': 'FES03', 'image_url': 'https://dqd0jw5gvbchn.cloudfront.net/yell/301/925592946a8b319e854a9029c507297e2b624970.gif', 'image_url_small': '', 'animation_url': '', 'points': 1000, 'yells': 800, 'ticker_seconds': 15, 'channel': None}","{'id': 'mamizu96', 'registered_user_id': True, 'openrec_user_id': 3760870, 'recxuser_id': 825012554, 'nickname': 'まー', 'introduction': '日本なら水道水もOKです！\n\n', 'icon_image_url': 'https://hayabusa.io/openrec-image/user/8250126/825012554.w90.ttl3600.v1617017860.png?format=png', 'l_icon_image_url': 'https://hayabusa.io/openrec-image/user/8250126/825012554.w320.ttl3600.v1617017860.png?format=png', 'cover_image_url': 'https://hayabusa.io/openrec-image/user_background/8250126/825012554_cover.w210.ttl3600.v1604305385.png?format=png', 'l_cover_image_url': 'https://dqd0jw5gvbchn.cloudfront.net/user_background/8250126/825012554_cover.png?1604305385', 'follows': 6, 'followers': 0, 'is_premium': False, 'is_official': False, 'is_fresh': False, 'is_warned': False, 'is_team': False, 'is_league_yell': False, 'is_live': False, 'is_stats_hidden': False, 'live_views': 0, 'is_viewers_hidden': True, 'registered_at': '2020-10-21T19:49:15+09:00', 'last_updated_at': None, 'signed_in_with_facebook': None, 'signed_in_with_twitter': None, 'signed_in_with_google': None, 'signed_in_with_yahoo': None, 'signed_in_with_apple': None, 'user_status': 'bang', 'is_creator': False, 'premium_start_at': None, 'premium_charge_type': None, 'premium_payment_status': None, 'has_ppv_permission': None, 'has_active_email_token': None, 'email': None, 'pending_email': None, 'twitter_screen_name': None, 'hidden_channels': None, 'has_confirmed_email': True, 'is_approved_account': True, 'blacklist_count': None, 'blacklist_limit': None}","{'id': 'sagara_mayu', 'registered_user_id': True, 'openrec_user_id': 3758330, 'recxuser_id': 823666191, 'nickname': '相良茉優のFUN！FAN！FACTORY', 'introduction': '毎週月曜日配信の相良茉優がファンと一緒に楽しいことを作っていく番組です！\n\n番組推奨ハッシュタグ「#さがらFFF」\n是非ハッシュタグを付けて番組や相良茉優について呟いてください！\n\n「Discord」にてサブスク限定コミュニティも運営中！\n以下より連携方法をご確認ください。\nhttps://openrecnext.amebaownd.com/posts/11101764\n\n▼サブスク特典\nA席\n①メンバー限定放送・アーカイブ見放題\n②(入会初月のみ)翌月10日頃にOPENRECポイント300Pt付与\n③お誕生日月にお名前入り写真プレゼント(集合)※Discordにて前月中に申し込みの必要あり\n\nS席\n①メンバー限定放送・アーカイブ見放題\n②S席・SS席限定オフショット写真プレゼント\n③限定サイン入りチェキを抽選でプレゼント\n④(入会初月のみ)翌月10日頃にOPENRECポイント500Pt付与\n⑤お誕生日月にお名前入り写真プレゼント(個別)※Discordにて前月中に申し込みの必要あり\n\nSS席\n①メンバー限定配信・アーカイブ見放題\n②オフショット写真プレゼント\n③限定サイン入りチェキを抽選でプレゼント\n④視聴者参加型企画参加権利(抽選)\n⑤オフショット動画見放題\n⑥S席・SS席限定オフショット\n⑦(入会初月のみ)翌月10日頃にOPENRECポイント800Pt付与\n⑧お誕生日月にお名前をお呼びしたお祝い動画をプレゼント！\n\u3000(※Discordにて前月までに申し込みの必要あり)\n\n■相良茉優プロフィール\n京都府出身。4月17日生まれ。Digital Double所属。\n「アイドルメモリーズ」梶原未来で初めてのメインキャラを演じ、声優として活動を始める。\n2017年「ラブライブ！虹ヶ咲学園スクールアイドル同好会」で中須かすみに抜擢され、\n同作品のスクールアイドルとして現在放送中のアニメやゲーム・ライブで活動中。\n他にも、アプリ「ひぐらしのなく頃に命」(公由一穂)、アプリ「マギアレコード 魔法少女まどか☆マギカ外伝」(広江ちはる)等、多数作品に出演。2020年春に短編映画「時々は、眠れない夜に」に初めて実写での出演を果たした。\n', 'icon_image_url': 'https://hayabusa.io/openrec-image/user/8236662/823666191_202010211143.w90.ttl3600.png?format=png', 'l_icon_image_url': 'https://hayabusa.io/openrec-image/user/8236662/823666191_202010211143.w320.ttl3600.png?format=png', 'cover_image_url': 'https://hayabusa.io/openrec-image/user_background/8236662/823666191_202010211143.w210.ttl3600.png?format=png', 'l_cover_image_url': 'https://dqd0jw5gvbchn.cloudfront.net/user_background/8236662/823666191_202010211143.png', 'follows': 2, 'followers': 3677, 'is_premium': True, 'is_official': True, 'is_fresh': False, 'is_warned': False, 'is_team': False, 'is_league_yell': False, 'is_live': False, 'is_stats_hidden': False, 'live_views': 0, 'is_viewers_hidden': True, 'registered_at': '2020-10-19T20:34:04+09:00', 'last_updated_at': '2021-11-13T20:00:01+09:00', 'signed_in_with_facebook': None, 'signed_in_with_twitter': None, 'signed_in_with_google': None, 'signed_in_with_yahoo': None, 'signed_in_with_apple': None, 'user_status': 'special', 'is_creator': True, 'premium_start_at': None, 'premium_charge_type': None, 'premium_payment_status': None, 'has_ppv_permission': None, 'has_active_email_token': None, 'email': None, 'pending_email': None, 'twitter_screen_name': None, 'hidden_channels': None, 'has_confirmed_email': True, 'is_approved_account': True, 'blacklist_count': None, 'blacklist_limit': None}","{'name_color': '#34AEF6', 'is_premium_hidden': False, 'is_official_hidden': False, 'is_subs_badge_hidden': False, 'is_subs_duration_hidden': False}",False,False,False,False,461938300,"[{'id': 1574, 'image_url': 'https://dqd0jw5gvbchn.cloudfront.net/badge/subscription/template/a9c440f7-c013-36a3-4484-3e412f520cc7.png', 'label': 'SS席', 'type': 'subscription', 'subscription': {'months': 13, 'tier': 2}}]",301,FES03,https://dqd0jw5gvbchn.cloudfront.net/yell/301/925592946a8b319e854a9029c507297e2b624970.gif,,,1000,800,15,,mamizu96,True,3760870,825012554,まー,"日本なら水道水もOKです！

",https://hayabusa.io/openrec-image/user/8250126/825012554.w90.ttl3600.v1617017860.png?format=png,https://hayabusa.io/openrec-image/user/8250126/825012554.w320.ttl3600.v1617017860.png?format=png,https://hayabusa.io/openrec-image/user_background/8250126/825012554_cover.w210.ttl3600.v1604305385.png?format=png,https://dqd0jw5gvbchn.cloudfront.net/user_background/8250126/825012554_cover.png?1604305385,6,0,False,False,False,False,False,False,False,False,0,True,2020-10-21T19:49:15+09:00,,,,,,,bang,False,,,,,,,,,,True,True,,,1o8qe5j1g8k
38,613039,くしゃみ助かる,2021-05-18T05:00:27+09:00,channel,"{'id': 299, 'name': 'FES01', 'image_url': 'https://dqd0jw5gvbchn.cloudfront.net/yell/299/e40290c7cec606f0f867813e7a224bad976e2fac.gif', 'image_url_small': '', 'animation_url': '', 'points': 200, 'yells': 160, 'ticker_seconds': 15, 'channel': None}","{'id': 'yuricoJP', 'registered_user_id': True, 'openrec_user_id': 3806791, 'recxuser_id': 833635430, 'nickname': 'ゆり子･ザ･シーフ!', 'introduction': 'Twitter：https://twitter.com/YuricoTheFFF', 'icon_image_url': 'https://hayabusa.io/openrec-image/user/8336355/833635430.w90.ttl3600.v1606727535.png?format=png', 'l_icon_image_url': 'https://hayabusa.io/openrec-image/user/8336355/833635430.w320.ttl3600.v1606727535.png?format=png', 'cover_image_url': '', 'l_cover_image_url': '', 'follows': 5, 'followers': 0, 'is_premium': False, 'is_official': False, 'is_fresh': False, 'is_warned': False, 'is_team': False, 'is_league_yell': False, 'is_live': False, 'is_stats_hidden': False, 'live_views': 0, 'is_viewers_hidden': True, 'registered_at': '2020-11-02T23:40:04+09:00', 'last_updated_at': None, 'signed_in_with_facebook': None, 'signed_in_with_twitter': None, 'signed_in_with_google': None, 'signed_in_with_yahoo': None, 'signed_in_with_apple': None, 'user_status': 'publish', 'is_creator': False, 'premium_start_at': None, 'premium_charge_type': None, 'premium_payment_status': None, 'has_ppv_permission': None, 'has_active_email_token': None, 'email': None, 'pending_email': None, 'twitter_screen_name': None, 'hidden_channels': None, 'has_confirmed_email': True, 'is_approved_account': True, 'blacklist_count': None, 'blacklist_limit': None}","{'id': 'sagara_mayu', 'registered_user_id': True, 'openrec_user_id': 3758330, 'recxuser_id': 823666191, 'nickname': '相良茉優のFUN！FAN！FACTORY', 'introduction': '毎週月曜日配信の相良茉優がファンと一緒に楽しいことを作っていく番組です！\n\n番組推奨ハッシュタグ「#さがらFFF」\n是非ハッシュタグを付けて番組や相良茉優について呟いてください！\n\n「Discord」にてサブスク限定コミュニティも運営中！\n以下より連携方法をご確認ください。\nhttps://openrecnext.amebaownd.com/posts/11101764\n\n▼サブスク特典\nA席\n①メンバー限定放送・アーカイブ見放題\n②(入会初月のみ)翌月10日頃にOPENRECポイント300Pt付与\n③お誕生日月にお名前入り写真プレゼント(集合)※Discordにて前月中に申し込みの必要あり\n\nS席\n①メンバー限定放送・アーカイブ見放題\n②S席・SS席限定オフショット写真プレゼント\n③限定サイン入りチェキを抽選でプレゼント\n④(入会初月のみ)翌月10日頃にOPENRECポイント500Pt付与\n⑤お誕生日月にお名前入り写真プレゼント(個別)※Discordにて前月中に申し込みの必要あり\n\nSS席\n①メンバー限定配信・アーカイブ見放題\n②オフショット写真プレゼント\n③限定サイン入りチェキを抽選でプレゼント\n④視聴者参加型企画参加権利(抽選)\n⑤オフショット動画見放題\n⑥S席・SS席限定オフショット\n⑦(入会初月のみ)翌月10日頃にOPENRECポイント800Pt付与\n⑧お誕生日月にお名前をお呼びしたお祝い動画をプレゼント！\n\u3000(※Discordにて前月までに申し込みの必要あり)\n\n■相良茉優プロフィール\n京都府出身。4月17日生まれ。Digital Double所属。\n「アイドルメモリーズ」梶原未来で初めてのメインキャラを演じ、声優として活動を始める。\n2017年「ラブライブ！虹ヶ咲学園スクールアイドル同好会」で中須かすみに抜擢され、\n同作品のスクールアイドルとして現在放送中のアニメやゲーム・ライブで活動中。\n他にも、アプリ「ひぐらしのなく頃に命」(公由一穂)、アプリ「マギアレコード 魔法少女まどか☆マギカ外伝」(広江ちはる)等、多数作品に出演。2020年春に短編映画「時々は、眠れない夜に」に初めて実写での出演を果たした。\n', 'icon_image_url': 'https://hayabusa.io/openrec-image/user/8236662/823666191_202010211143.w90.ttl3600.png?format=png', 'l_icon_image_url': 'https://hayabusa.io/openrec-image/user/8236662/823666191_202010211143.w320.ttl3600.png?format=png', 'cover_image_url': 'https://hayabusa.io/openrec-image/user_background/8236662/823666191_202010211143.w210.ttl3600.png?format=png', 'l_cover_image_url': 'https://dqd0jw5gvbchn.cloudfront.net/user_background/8236662/823666191_202010211143.png', 'follows': 2, 'followers': 3677, 'is_premium': True, 'is_official': True, 'is_fresh': False, 'is_warned': False, 'is_team': False, 'is_league_yell': False, 'is_live': False, 'is_stats_hidden': False, 'live_views': 0, 'is_viewers_hidden': True, 'registered_at': '2020-10-19T20:34:04+09:00', 'last_updated_at': '2021-11-13T20:00:01+09:00', 'signed_in_with_facebook': None, 'signed_in_with_twitter': None, 'signed_in_with_google': None, 'signed_in_with_yahoo': None, 'signed_in_with_apple': None, 'user_status': 'special', 'is_creator': True, 'premium_start_at': None, 'premium_charge_type': None, 'premium_payment_status': None, 'has_ppv_permission': None, 'has_active_email_token': None, 'email': None, 'pending_email': None, 'twitter_screen_name': None, 'hidden_channels': None, 'has_confirmed_email': True, 'is_approved_account': True, 'blacklist_count': None, 'blacklist_limit': None}","{'name_color': '#F75D52', 'is_premium_hidden': False, 'is_official_hidden': False, 'is_subs_badge_hidden': False, 'is_subs_duration_hidden': False}",False,False,False,False,461938234,"[{'id': 1563, 'image_url': 'https://dqd0jw5gvbchn.cloudfront.net/badge/subscription/template/a9c440f7-c013-36a3-4484-3e412f520cc7.png', 'label': 'A席', 'type': 'subscription', 'subscription': {'months': 13, 'tier': 0}}]",299,FES01,https://dqd0jw5gvbchn.cloudfront.net/yell/299/e40290c7cec606f0f867813e7a224bad976e2fac.gif,,,200,160,15,,yuricoJP,True,3806791,833635430,ゆり子･ザ･シーフ!,Twitter：https://twitter.com/YuricoTheFFF,https://hayabusa.io/openrec-image/user/8336355/833635430.w90.ttl3600.v1606727535.png?format=png,https://hayabusa.io/openrec-image/user/8336355/833635430.w320.ttl3600.v1606727535.png?format=png,,,5,0,False,False,False,False,False,False,False,False,0,True,2020-11-02T23:40:04+09:00,,,,,,,publish,False,,,,,,,,,,True,True,,,1o8qe5j1g8k
39,613038,朝ごはんかおやつの足しにでもしてください,2021-05-18T04:59:56+09:00,channel,"{'id': 304, 'name': 'may02', 'image_url': 'https://dqd0jw5gvbchn.cloudfront.net/yell/304/2d93069f9af1f6dca8c2c5832466a64d2f546397.gif', 'image_url_small': '', 'animation_url': '', 'points': 500, 'yells': 400, 'ticker_seconds': 15, 'channel': None}","{'id': '_furuneko_', 'registered_user_id': True, 'openrec_user_id': 533948, 'recxuser_id': 64523363, 'nickname': '古猫', 'introduction': 'しがない化け猫', 'icon_image_url': 'https://hayabusa.io/openrec-image/user/645234/64523363.w90.ttl3600.v1517164841.png?format=png', 'l_icon_image_url': 'https://hayabusa.io/openrec-image/user/645234/64523363.w320.ttl3600.v1517164841.png?format=png', 'cover_image_url': '', 'l_cover_image_url': '', 'follows': 15, 'followers': 3, 'is_premium': True, 'is_official': False, 'is_fresh': False, 'is_warned': False, 'is_team': False, 'is_league_yell': False, 'is_live': False, 'is_stats_hidden': False, 'live_views': 0, 'is_viewers_hidden': True, 'registered_at': '2017-03-07T19:44:32+09:00', 'last_updated_at': None, 'signed_in_with_facebook': None, 'signed_in_with_twitter': None, 'signed_in_with_google': None, 'signed_in_with_yahoo': None, 'signed_in_with_apple': None, 'user_status': 'bang', 'is_creator': False, 'premium_start_at': None, 'premium_charge_type': None, 'premium_payment_status': None, 'has_ppv_permission': None, 'has_active_email_token': None, 'email': None, 'pending_email': None, 'twitter_screen_name': None, 'hidden_channels': None, 'has_confirmed_email': True, 'is_approved_account': True, 'blacklist_count': None, 'blacklist_limit': None}","{'id': 'sagara_mayu', 'registered_user_id': True, 'openrec_user_id': 3758330, 'recxuser_id': 823666191, 'nickname': '相良茉優のFUN！FAN！FACTORY', 'introduction': '毎週月曜日配信の相良茉優がファンと一緒に楽しいことを作っていく番組です！\n\n番組推奨ハッシュタグ「#さがらFFF」\n是非ハッシュタグを付けて番組や相良茉優について呟いてください！\n\n「Discord」にてサブスク限定コミュニティも運営中！\n以下より連携方法をご確認ください。\nhttps://openrecnext.amebaownd.com/posts/11101764\n\n▼サブスク特典\nA席\n①メンバー限定放送・アーカイブ見放題\n②(入会初月のみ)翌月10日頃にOPENRECポイント300Pt付与\n③お誕生日月にお名前入り写真プレゼント(集合)※Discordにて前月中に申し込みの必要あり\n\nS席\n①メンバー限定放送・アーカイブ見放題\n②S席・SS席限定オフショット写真プレゼント\n③限定サイン入りチェキを抽選でプレゼント\n④(入会初月のみ)翌月10日頃にOPENRECポイント500Pt付与\n⑤お誕生日月にお名前入り写真プレゼント(個別)※Discordにて前月中に申し込みの必要あり\n\nSS席\n①メンバー限定配信・アーカイブ見放題\n②オフショット写真プレゼント\n③限定サイン入りチェキを抽選でプレゼント\n④視聴者参加型企画参加権利(抽選)\n⑤オフショット動画見放題\n⑥S席・SS席限定オフショット\n⑦(入会初月のみ)翌月10日頃にOPENRECポイント800Pt付与\n⑧お誕生日月にお名前をお呼びしたお祝い動画をプレゼント！\n\u3000(※Discordにて前月までに申し込みの必要あり)\n\n■相良茉優プロフィール\n京都府出身。4月17日生まれ。Digital Double所属。\n「アイドルメモリーズ」梶原未来で初めてのメインキャラを演じ、声優として活動を始める。\n2017年「ラブライブ！虹ヶ咲学園スクールアイドル同好会」で中須かすみに抜擢され、\n同作品のスクールアイドルとして現在放送中のアニメやゲーム・ライブで活動中。\n他にも、アプリ「ひぐらしのなく頃に命」(公由一穂)、アプリ「マギアレコード 魔法少女まどか☆マギカ外伝」(広江ちはる)等、多数作品に出演。2020年春に短編映画「時々は、眠れない夜に」に初めて実写での出演を果たした。\n', 'icon_image_url': 'https://hayabusa.io/openrec-image/user/8236662/823666191_202010211143.w90.ttl3600.png?format=png', 'l_icon_image_url': 'https://hayabusa.io/openrec-image/user/8236662/823666191_202010211143.w320.ttl3600.png?format=png', 'cover_image_url': 'https://hayabusa.io/openrec-image/user_background/8236662/823666191_202010211143.w210.ttl3600.png?format=png', 'l_cover_image_url': 'https://dqd0jw5gvbchn.cloudfront.net/user_background/8236662/823666191_202010211143.png', 'follows': 2, 'followers': 3677, 'is_premium': True, 'is_official': True, 'is_fresh': False, 'is_warned': False, 'is_team': False, 'is_league_yell': False, 'is_live': False, 'is_stats_hidden': False, 'live_views': 0, 'is_viewers_hidden': True, 'registered_at': '2020-10-19T20:34:04+09:00', 'last_updated_at': '2021-11-13T20:00:01+09:00', 'signed_in_with_facebook': None, 'signed_in_with_twitter': None, 'signed_in_with_google': None, 'signed_in_with_yahoo': None, 'signed_in_with_apple': None, 'user_status': 'special', 'is_creator': True, 'premium_start_at': None, 'premium_charge_type': None, 'premium_payment_status': None, 'has_ppv_permission': None, 'has_active_email_token': None, 'email': None, 'pending_email': None, 'twitter_screen_name': None, 'hidden_channels': None, 'has_confirmed_email': True, 'is_approved_account': True, 'blacklist_count': None, 'blacklist_limit': None}","{'name_color': '#00ffef', 'is_premium_hidden': False, 'is_official_hidden': False, 'is_subs_badge_hidden': False, 'is_subs_duration_hidden': False}",False,False,False,False,461938198,"[{'id': 1574, 'image_url': 'https://dqd0jw5gvbchn.cloudfront.net/badge/subscription/template/a9c440f7-c013-36a3-4484-3e412f520cc7.png', 'label': 'SS席', 'type': 'subscription', 'subscription': {'months': 13, 'tier': 2}}]",304,may02,https://dqd0jw5gvbchn.cloudfront.net/yell/304/2d93069f9af1f6dca8c2c5832466a64d2f546397.gif,,,500,400,15,,_furuneko_,True,533948,64523363,古猫,しがない化け猫,https://hayabusa.io/openrec-image/user/645234/64523363.w90.ttl3600.v1517164841.png?format=png,https://hayabusa.io/openrec-image/user/645234/64523363.w320.ttl3600.v1517164841.png?format=png,,,15,3,True,False,False,False,False,False,False,False,0,True,2017-03-07T19:44:32+09:00,,,,,,,bang,False,,,,,,,,,,True,True,,,1o8qe5j1g8k
0,613037,もっきぃさん元気出して,2021-05-18T04:59:12+09:00,channel,"{'id': 299, 'name': 'FES01', 'image_url': 'https://dqd0jw5gvbchn.cloudfront.net/yell/299/e40290c7cec606f0f867813e7a224bad976e2fac.gif', 'image_url_small': '', 'animation_url': '', 'points': 200, 'yells': 160, 'ticker_seconds': 15, 'channel': None}","{'id': 'yuricoJP', 'registered_user_id': True, 'openrec_user_id': 3806791, 'recxuser_id': 833635430, 'nickname': 'ゆり子･ザ･シーフ!', 'introduction': 'Twitter：https://twitter.com/YuricoTheFFF', 'icon_image_url': 'https://hayabusa.io/openrec-image/user/8336355/833635430.w90.ttl3600.v1606727535.png?format=png', 'l_icon_image_url': 'https://hayabusa.io/openrec-image/user/8336355/833635430.w320.ttl3600.v1606727535.png?format=png', 'cover_image_url': '', 'l_cover_image_url': '', 'follows': 5, 'followers': 0, 'is_premium': False, 'is_official': False, 'is_fresh': False, 'is_warned': False, 'is_team': False, 'is_league_yell': False, 'is_live': False, 'is_stats_hidden': False, 'live_views': 0, 'is_viewers_hidden': True, 'registered_at': '2020-11-02T23:40:04+09:00', 'last_updated_at': None, 'signed_in_with_facebook': None, 'signed_in_with_twitter': None, 'signed_in_with_google': None, 'signed_in_with_yahoo': None, 'signed_in_with_apple': None, 'user_status': 'publish', 'is_creator': False, 'premium_start_at': None, 'premium_charge_type': None, 'premium_payment_status': None, 'has_ppv_permission': None, 'has_active_email_token': None, 'email': None, 'pending_email': None, 'twitter_screen_name': None, 'hidden_channels': None, 'has_confirmed_email': True, 'is_approved_account': True, 'blacklist_count': None, 'blacklist_limit': None}","{'id': 'sagara_mayu', 'registered_user_id': True, 'openrec_user_id': 3758330, 'recxuser_id': 823666191, 'nickname': '相良茉優のFUN！FAN！FACTORY', 'introduction': '毎週月曜日配信の相良茉優がファンと一緒に楽しいことを作っていく番組です！\n\n番組推奨ハッシュタグ「#さがらFFF」\n是非ハッシュタグを付けて番組や相良茉優について呟いてください！\n\n「Discord」にてサブスク限定コミュニティも運営中！\n以下より連携方法をご確認ください。\nhttps://openrecnext.amebaownd.com/posts/11101764\n\n▼サブスク特典\nA席\n①メンバー限定放送・アーカイブ見放題\n②(入会初月のみ)翌月10日頃にOPENRECポイント300Pt付与\n③お誕生日月にお名前入り写真プレゼント(集合)※Discordにて前月中に申し込みの必要あり\n\nS席\n①メンバー限定放送・アーカイブ見放題\n②S席・SS席限定オフショット写真プレゼント\n③限定サイン入りチェキを抽選でプレゼント\n④(入会初月のみ)翌月10日頃にOPENRECポイント500Pt付与\n⑤お誕生日月にお名前入り写真プレゼント(個別)※Discordにて前月中に申し込みの必要あり\n\nSS席\n①メンバー限定配信・アーカイブ見放題\n②オフショット写真プレゼント\n③限定サイン入りチェキを抽選でプレゼント\n④視聴者参加型企画参加権利(抽選)\n⑤オフショット動画見放題\n⑥S席・SS席限定オフショット\n⑦(入会初月のみ)翌月10日頃にOPENRECポイント800Pt付与\n⑧お誕生日月にお名前をお呼びしたお祝い動画をプレゼント！\n\u3000(※Discordにて前月までに申し込みの必要あり)\n\n■相良茉優プロフィール\n京都府出身。4月17日生まれ。Digital Double所属。\n「アイドルメモリーズ」梶原未来で初めてのメインキャラを演じ、声優として活動を始める。\n2017年「ラブライブ！虹ヶ咲学園スクールアイドル同好会」で中須かすみに抜擢され、\n同作品のスクールアイドルとして現在放送中のアニメやゲーム・ライブで活動中。\n他にも、アプリ「ひぐらしのなく頃に命」(公由一穂)、アプリ「マギアレコード 魔法少女まどか☆マギカ外伝」(広江ちはる)等、多数作品に出演。2020年春に短編映画「時々は、眠れない夜に」に初めて実写での出演を果たした。\n', 'icon_image_url': 'https://hayabusa.io/openrec-image/user/8236662/823666191_202010211143.w90.ttl3600.png?format=png', 'l_icon_image_url': 'https://hayabusa.io/openrec-image/user/8236662/823666191_202010211143.w320.ttl3600.png?format=png', 'cover_image_url': 'https://hayabusa.io/openrec-image/user_background/8236662/823666191_202010211143.w210.ttl3600.png?format=png', 'l_cover_image_url': 'https://dqd0jw5gvbchn.cloudfront.net/user_background/8236662/823666191_202010211143.png', 'follows': 2, 'followers': 3677, 'is_premium': True, 'is_official': True, 'is_fresh': False, 'is_warned': False, 'is_team': False, 'is_league_yell': False, 'is_live': False, 'is_stats_hidden': False, 'live_views': 0, 'is_viewers_hidden': True, 'registered_at': '2020-10-19T20:34:04+09:00', 'last_updated_at': '2021-11-13T20:00:01+09:00', 'signed_in_with_facebook': None, 'signed_in_with_twitter': None, 'signed_in_with_google': None, 'signed_in_with_yahoo': None, 'signed_in_with_apple': None, 'user_status': 'special', 'is_creator': True, 'premium_start_at': None, 'premium_charge_type': None, 'premium_payment_status': None, 'has_ppv_permission': None, 'has_active_email_token': None, 'email': None, 'pending_email': None, 'twitter_screen_name': None, 'hidden_channels': None, 'has_confirmed_email': True, 'is_approved_account': True, 'blacklist_count': None, 'blacklist_limit': None}","{'name_color': '#F75D52', 'is_premium_hidden': False, 'is_official_hidden': False, 'is_subs_badge_hidden': False, 'is_subs_duration_hidden': False}",False,False,False,False,461938164,"[{'id': 1563, 'image_url': 'https://dqd0jw5gvbchn.cloudfront.net/badge/subscription/template/a9c440f7-c013-36a3-4484-3e412f520cc7.png', 'label': 'A席', 'type': 'subscription', 'subscription': {'months': 13, 'tier': 0}}]",299,FES01,https://dqd0jw5gvbchn.cloudfront.net/yell/299/e40290c7cec606f0f867813e7a224bad976e2fac.gif,,,200,160,15,,yuricoJP,True,3806791,833635430,ゆり子･ザ･シーフ!,Twitter：https://twitter.com/YuricoTheFFF,https://hayabusa.io/openrec-image/user/8336355/833635430.w90.ttl3600.v1606727535.png?format=png,https://hayabusa.io/openrec-image/user/8336355/833635430.w320.ttl3600.v1606727535.png?format=png,,,5,0,False,False,False,False,False,False,False,False,0,True,2020-11-02T23:40:04+09:00,,,,,,,publish,False,,,,,,,,,,True,True,,,1o8qe5j1g8k
1,613036,,2021-05-18T04:53:45+09:00,channel,"{'id': 300, 'name': 'FES02', 'image_url': 'https://dqd0jw5gvbchn.cloudfront.net/yell/300/59aff2cb78428e04874c99ce75121618cdcfe1ad.gif', 'image_url_small': '', 'animation_url': '', 'points': 500, 'yells': 400, 'ticker_seconds': 15, 'channel': None}","{'id': 'tetu19970612', 'registered_user_id': True, 'openrec_user_id': 4109410, 'recxuser_id': 933467634, 'nickname': 'てつ', 'introduction': '', 'icon_image_url': 'https://hayabusa.io/openrec-image/user/9334677/933467634.w90.ttl3600.v1636197259.png?format=png', 'l_icon_image_url': 'https://hayabusa.io/openrec-image/user/9334677/933467634.w320.ttl3600.v1636197259.png?format=png', 'cover_image_url': '', 'l_cover_image_url': '', 'follows': 6, 'followers': 0, 'is_premium': False, 'is_official': False, 'is_fresh': False, 'is_warned': False, 'is_team': False, 'is_league_yell': False, 'is_live': False, 'is_stats_hidden': False, 'live_views': 0, 'is_viewers_hidden': True, 'registered_at': '2021-03-23T08:23:50+09:00', 'last_updated_at': None, 'signed_in_with_facebook': None, 'signed_in_with_twitter': None, 'signed_in_with_google': None, 'signed_in_with_yahoo': None, 'signed_in_with_apple': None, 'user_status': 'bang', 'is_creator': False, 'premium_start_at': None, 'premium_charge_type': None, 'premium_payment_status': None, 'has_ppv_permission': None, 'has_active_email_token': None, 'email': None, 'pending_email': None, 'twitter_screen_name': None, 'hidden_channels': None, 'has_confirmed_email': True, 'is_approved_account': True, 'blacklist_count': None, 'blacklist_limit': None}","{'id': 'sagara_mayu', 'registered_user_id': True, 'openrec_user_id': 3758330, 'recxuser_id': 823666191, 'nickname': '相良茉優のFUN！FAN！FACTORY', 'introduction': '毎週月曜日配信の相良茉優がファンと一緒に楽しいことを作っていく番組です！\n\n番組推奨ハッシュタグ「#さがらFFF」\n是非ハッシュタグを付けて番組や相良茉優について呟いてください！\n\n「Discord」にてサブスク限定コミュニティも運営中！\n以下より連携方法をご確認ください。\nhttps://openrecnext.amebaownd.com/posts/11101764\n\n▼サブスク特典\nA席\n①メンバー限定放送・アーカイブ見放題\n②(入会初月のみ)翌月10日頃にOPENRECポイント300Pt付与\n③お誕生日月にお名前入り写真プレゼント(集合)※Discordにて前月中に申し込みの必要あり\n\nS席\n①メンバー限定放送・アーカイブ見放題\n②S席・SS席限定オフショット写真プレゼント\n③限定サイン入りチェキを抽選でプレゼント\n④(入会初月のみ)翌月10日頃にOPENRECポイント500Pt付与\n⑤お誕生日月にお名前入り写真プレゼント(個別)※Discordにて前月中に申し込みの必要あり\n\nSS席\n①メンバー限定配信・アーカイブ見放題\n②オフショット写真プレゼント\n③限定サイン入りチェキを抽選でプレゼント\n④視聴者参加型企画参加権利(抽選)\n⑤オフショット動画見放題\n⑥S席・SS席限定オフショット\n⑦(入会初月のみ)翌月10日頃にOPENRECポイント800Pt付与\n⑧お誕生日月にお名前をお呼びしたお祝い動画をプレゼント！\n\u3000(※Discordにて前月までに申し込みの必要あり)\n\n■相良茉優プロフィール\n京都府出身。4月17日生まれ。Digital Double所属。\n「アイドルメモリーズ」梶原未来で初めてのメインキャラを演じ、声優として活動を始める。\n2017年「ラブライブ！虹ヶ咲学園スクールアイドル同好会」で中須かすみに抜擢され、\n同作品のスクールアイドルとして現在放送中のアニメやゲーム・ライブで活動中。\n他にも、アプリ「ひぐらしのなく頃に命」(公由一穂)、アプリ「マギアレコード 魔法少女まどか☆マギカ外伝」(広江ちはる)等、多数作品に出演。2020年春に短編映画「時々は、眠れない夜に」に初めて実写での出演を果たした。\n', 'icon_image_url': 'https://hayabusa.io/openrec-image/user/8236662/823666191_202010211143.w90.ttl3600.png?format=png', 'l_icon_image_url': 'https://hayabusa.io/openrec-image/user/8236662/823666191_202010211143.w320.ttl3600.png?format=png', 'cover_image_url': 'https://hayabusa.io/openrec-image/user_background/8236662/823666191_202010211143.w210.ttl3600.png?format=png', 'l_cover_image_url': 'https://dqd0jw5gvbchn.cloudfront.net/user_background/8236662/823666191_202010211143.png', 'follows': 2, 'followers': 3677, 'is_premium': True, 'is_official': True, 'is_fresh': False, 'is_warned': False, 'is_team': False, 'is_league_yell': False, 'is_live': False, 'is_stats_hidden': False, 'live_views': 0, 'is_viewers_hidden': True, 'registered_at': '2020-10-19T20:34:04+09:00', 'last_updated_at': '2021-11-13T20:00:01+09:00', 'signed_in_with_facebook': None, 'signed_in_with_twitter': None, 'signed_in_with_google': None, 'signed_in_with_yahoo': None, 'signed_in_with_apple': None, 'user_status': 'special', 'is_creator': True, 'premium_start_at': None, 'premium_charge_type': None, 'premium_payment_status': None, 'has_ppv_permission': None, 'has_active_email_token': None, 'email': None, 'pending_email': None, 'twitter_screen_name': None, 'hidden_channels': None, 'has_confirmed_email': True, 'is_approved_account': True, 'blacklist_count': None, 'blacklist_limit': None}","{'name_color': '#34AEF6', 'is_premium_hidden': False, 'is_official_hidden': False, 'is_subs_badge_hidden': False, 'is_subs_duration_hidden': False}",False,False,False,False,461937912,"[{'id': 1574, 'image_url': 'https://dqd0jw5gvbchn.cloudfront.net/badge/subscription/template/a9c440f7-c013-36a3-4484-3e412f520cc7.png', 'label': 'SS席', 'type': 'subscription', 'subscription': {'months': 8, 'tier': 2}}]",300,FES02,https://dqd0jw5gvbchn.cloudfront.net/yell/300/59aff2cb78428e04874c99ce75121618cdcfe1ad.gif,,,500,400,15,,tetu19970612,True,4109410,933467634,てつ,,https://hayabusa.io/openrec-image/user/9334677/933467634.w90.ttl3600.v1636197259.png?format=png,https://hayabusa.io/openrec-image/user/9334677/933467634.w320.ttl3600.v1636197259.png?format=png,,,6,0,False,False,False,False,False,False,False,False,0,True,2021-03-23T08:23:50+09:00,,,,,,,bang,False,,,,,,,,,,True,True,,,1o8qe5j1g8k
2,613035,お先失礼します～、ド深夜に濃い話ありがとうございました☺おやすみなさい～,2021-05-18T04:53:04+09:00,channel,"{'id': 299, 'name': 'FES01', 'image_url': 'https://dqd0jw5gvbchn.cloudfront.net/yell/299/e40290c7cec606f0f867813e7a224bad976e2fac.gif', 'image_url_small': '', 'animation_url': '', 'points': 200, 'yells': 160, 'ticker_seconds': 15, 'channel': None}","{'id': 'xzSONICzx', 'registered_user_id': True, 'openrec_user_id': 56303, 'recxuser_id': 7608830, 'nickname': 'ソニック', 'introduction': '', 'icon_image_url': 'https://hayabusa.io/openrec-image/user/76089/7608830.w90.ttl3600.v1488885153.png?format=png', 'l_icon_image_url': 'https://hayabusa.io/openrec-image/user/76089/7608830.w320.ttl3600.v1488885153.png?format=png', 'cover_image_url': '', 'l_cover_image_url': '', 'follows': 5, 'followers': 0, 'is_premium': False, 'is_official': False, 'is_fresh': False, 'is_warned': False, 'is_team': False, 'is_league_yell': False, 'is_live': False, 'is_stats_hidden': False, 'live_views': 0, 'is_viewers_hidden': True, 'registered_at': '2016-05-12T00:08:45+09:00', 'last_updated_at': None, 'signed_in_with_facebook': None, 'signed_in_with_twitter': None, 'signed_in_with_google': None, 'signed_in_with_yahoo': None, 'signed_in_with_apple': None, 'user_status': 'bang', 'is_creator': False, 'premium_start_at': None, 'premium_charge_type': None, 'premium_payment_status': None, 'has_ppv_permission': None, 'has_active_email_token': None, 'email': None, 'pending_email': None, 'twitter_screen_name': None, 'hidden_channels': None, 'has_confirmed_email': True, 'is_approved_account': True, 'blacklist_count': None, 'blacklist_limit': None}","{'id': 'sagara_mayu', 'registered_user_id': True, 'openrec_user_id': 3758330, 'recxuser_id': 823666191, 'nickname': '相良茉優のFUN！FAN！FACTORY', 'introduction': '毎週月曜日配信の相良茉優がファンと一緒に楽しいことを作っていく番組です！\n\n番組推奨ハッシュタグ「#さがらFFF」\n是非ハッシュタグを付けて番組や相良茉優について呟いてください！\n\n「Discord」にてサブスク限定コミュニティも運営中！\n以下より連携方法をご確認ください。\nhttps://openrecnext.amebaownd.com/posts/11101764\n\n▼サブスク特典\nA席\n①メンバー限定放送・アーカイブ見放題\n②(入会初月のみ)翌月10日頃にOPENRECポイント300Pt付与\n③お誕生日月にお名前入り写真プレゼント(集合)※Discordにて前月中に申し込みの必要あり\n\nS席\n①メンバー限定放送・アーカイブ見放題\n②S席・SS席限定オフショット写真プレゼント\n③限定サイン入りチェキを抽選でプレゼント\n④(入会初月のみ)翌月10日頃にOPENRECポイント500Pt付与\n⑤お誕生日月にお名前入り写真プレゼント(個別)※Discordにて前月中に申し込みの必要あり\n\nSS席\n①メンバー限定配信・アーカイブ見放題\n②オフショット写真プレゼント\n③限定サイン入りチェキを抽選でプレゼント\n④視聴者参加型企画参加権利(抽選)\n⑤オフショット動画見放題\n⑥S席・SS席限定オフショット\n⑦(入会初月のみ)翌月10日頃にOPENRECポイント800Pt付与\n⑧お誕生日月にお名前をお呼びしたお祝い動画をプレゼント！\n\u3000(※Discordにて前月までに申し込みの必要あり)\n\n■相良茉優プロフィール\n京都府出身。4月17日生まれ。Digital Double所属。\n「アイドルメモリーズ」梶原未来で初めてのメインキャラを演じ、声優として活動を始める。\n2017年「ラブライブ！虹ヶ咲学園スクールアイドル同好会」で中須かすみに抜擢され、\n同作品のスクールアイドルとして現在放送中のアニメやゲーム・ライブで活動中。\n他にも、アプリ「ひぐらしのなく頃に命」(公由一穂)、アプリ「マギアレコード 魔法少女まどか☆マギカ外伝」(広江ちはる)等、多数作品に出演。2020年春に短編映画「時々は、眠れない夜に」に初めて実写での出演を果たした。\n', 'icon_image_url': 'https://hayabusa.io/openrec-image/user/8236662/823666191_202010211143.w90.ttl3600.png?format=png', 'l_icon_image_url': 'https://hayabusa.io/openrec-image/user/8236662/823666191_202010211143.w320.ttl3600.png?format=png', 'cover_image_url': 'https://hayabusa.io/openrec-image/user_background/8236662/823666191_202010211143.w210.ttl3600.png?format=png', 'l_cover_image_url': 'https://dqd0jw5gvbchn.cloudfront.net/user_background/8236662/823666191_202010211143.png', 'follows': 2, 'followers': 3677, 'is_premium': True, 'is_official': True, 'is_fresh': False, 'is_warned': False, 'is_team': False, 'is_league_yell': False, 'is_live': False, 'is_stats_hidden': False, 'live_views': 0, 'is_viewers_hidden': True, 'registered_at': '2020-10-19T20:34:04+09:00', 'last_updated_at': '2021-11-13T20:00:01+09:00', 'signed_in_with_facebook': None, 'signed_in_with_twitter': None, 'signed_in_with_google': None, 'signed_in_with_yahoo': None, 'signed_in_with_apple': None, 'user_status': 'special', 'is_creator': True, 'premium_start_at': None, 'premium_charge_type': None, 'premium_payment_status': None, 'has_ppv_permission': None, 'has_active_email_token': None, 'email': None, 'pending_email': None, 'twitter_screen_name': None, 'hidden_channels': None, 'has_confirmed_email': True, 'is_approved_account': True, 'blacklist_count': None, 'blacklist_limit': None}","{'name_color': '#F75D52', 'is_premium_hidden': False, 'is_official_hidden': False, 'is_subs_badge_hidden': False, 'is_subs_duration_hidden': False}",False,False,False,False,461937881,"[{'id': 1574, 'image_url': 'https://dqd0jw5gvbchn.cloudfront.net/badge/subscription/template/a9c440f7-c013-36a3-4484-3e412f520cc7.png', 'label': 'SS席', 'type': 'subscription', 'subscription': {'months': 12, 'tier': 2}}]",299,FES01,https://dqd0jw5gvbchn.cloudfront.net/yell/299/e40290c7cec606f0f867813e7a224bad976e2fac.gif,,,200,160,15,,xzSONICzx,True,56303,7608830,ソニック,,https://hayabusa.io/openrec-image/user/76089/7608830.w90.ttl3600.v1488885153.png?format=png,https://hayabusa.io/openrec-image/user/76089/7608830.w320.ttl3600.v1488885153.png?format=png,,,5,0,False,False,False,False,False,False,False,False,0,True,2016-05-12T00:08:45+09:00,,,,,,,bang,False,,,,,,,,,,True,True,,,1o8qe5j1g8k
3,613034,明日一限からあるのでそろそろ寝ます！工場長とまつうらさんに良い事が起きますように...,2021-05-18T04:42:17+09:00,channel,"{'id': 299, 'name': 'FES01', 'image_url': 'https://dqd0jw5gvbchn.cloudfront.net/yell/299/e40290c7cec606f0f867813e7a224bad976e2fac.gif', 'image_url_small': '', 'animation_url': '', 'points': 200, 'yells': 160, 'ticker_seconds': 15, 'channel': None}","{'id': 'yugatan', 'registered_user_id': True, 'openrec_user_id': 4168588, 'recxuser_id': 954887062, 'nickname': '銀珍さん', 'introduction': '', 'icon_image_url': 'https://hayabusa.io/openrec-image/user/9548871/954887062.w90.ttl3600.v1620676932.png?format=png', 'l_icon_image_url': 'https://hayabusa.io/openrec-image/user/9548871/954887062.w320.ttl3600.v1620676932.png?format=png', 'cover_image_url': '', 'l_cover_image_url': '', 'follows': 2, 'followers': 0, 'is_premium': False, 'is_official': False, 'is_fresh': False, 'is_warned': False, 'is_team': False, 'is_league_yell': False, 'is_live': False, 'is_stats_hidden': False, 'live_views': 0, 'is_viewers_hidden': True, 'registered_at': '2021-04-20T19:10:18+09:00', 'last_updated_at': None, 'signed_in_with_facebook': None, 'signed_in_with_twitter': None, 'signed_in_with_google': None, 'signed_in_with_yahoo': None, 'signed_in_with_apple': None, 'user_status': 'bang', 'is_creator': False, 'premium_start_at': None, 'premium_charge_type': None, 'premium_payment_status': None, 'has_ppv_permission': None, 'has_active_email_token': None, 'email': None, 'pending_email': None, 'twitter_screen_name': None, 'hidden_channels': None, 'has_confirmed_email': True, 'is_approved_account': True, 'blacklist_count': None, 'blacklist_limit': None}","{'id': 'sagara_mayu', 'registered_user_id': True, 'openrec_user_id': 3758330, 'recxuser_id': 823666191, 'nickname': '相良茉優のFUN！FAN！FACTORY', 'introduction': '毎週月曜日配信の相良茉優がファンと一緒に楽しいことを作っていく番組です！\n\n番組推奨ハッシュタグ「#さがらFFF」\n是非ハッシュタグを付けて番組や相良茉優について呟いてください！\n\n「Discord」にてサブスク限定コミュニティも運営中！\n以下より連携方法をご確認ください。\nhttps://openrecnext.amebaownd.com/posts/11101764\n\n▼サブスク特典\nA席\n①メンバー限定放送・アーカイブ見放題\n②(入会初月のみ)翌月10日頃にOPENRECポイント300Pt付与\n③お誕生日月にお名前入り写真プレゼント(集合)※Discordにて前月中に申し込みの必要あり\n\nS席\n①メンバー限定放送・アーカイブ見放題\n②S席・SS席限定オフショット写真プレゼント\n③限定サイン入りチェキを抽選でプレゼント\n④(入会初月のみ)翌月10日頃にOPENRECポイント500Pt付与\n⑤お誕生日月にお名前入り写真プレゼント(個別)※Discordにて前月中に申し込みの必要あり\n\nSS席\n①メンバー限定配信・アーカイブ見放題\n②オフショット写真プレゼント\n③限定サイン入りチェキを抽選でプレゼント\n④視聴者参加型企画参加権利(抽選)\n⑤オフショット動画見放題\n⑥S席・SS席限定オフショット\n⑦(入会初月のみ)翌月10日頃にOPENRECポイント800Pt付与\n⑧お誕生日月にお名前をお呼びしたお祝い動画をプレゼント！\n\u3000(※Discordにて前月までに申し込みの必要あり)\n\n■相良茉優プロフィール\n京都府出身。4月17日生まれ。Digital Double所属。\n「アイドルメモリーズ」梶原未来で初めてのメインキャラを演じ、声優として活動を始める。\n2017年「ラブライブ！虹ヶ咲学園スクールアイドル同好会」で中須かすみに抜擢され、\n同作品のスクールアイドルとして現在放送中のアニメやゲーム・ライブで活動中。\n他にも、アプリ「ひぐらしのなく頃に命」(公由一穂)、アプリ「マギアレコード 魔法少女まどか☆マギカ外伝」(広江ちはる)等、多数作品に出演。2020年春に短編映画「時々は、眠れない夜に」に初めて実写での出演を果たした。\n', 'icon_image_url': 'https://hayabusa.io/openrec-image/user/8236662/823666191_202010211143.w90.ttl3600.png?format=png', 'l_icon_image_url': 'https://hayabusa.io/openrec-image/user/8236662/823666191_202010211143.w320.ttl3600.png?format=png', 'cover_image_url': 'https://hayabusa.io/openrec-image/user_background/8236662/823666191_202010211143.w210.ttl3600.png?format=png', 'l_cover_image_url': 'https://dqd0jw5gvbchn.cloudfront.net/user_background/8236662/823666191_202010211143.png', 'follows': 2, 'followers': 3677, 'is_premium': True, 'is_official': True, 'is_fresh': False, 'is_warned': False, 'is_team': False, 'is_league_yell': False, 'is_live': False, 'is_stats_hidden': False, 'live_views': 0, 'is_viewers_hidden': True, 'registered_at': '2020-10-19T20:34:04+09:00', 'last_updated_at': '2021-11-13T20:00:01+09:00', 'signed_in_with_facebook': None, 'signed_in_with_twitter': None, 'signed_in_with_google': None, 'signed_in_with_yahoo': None, 'signed_in_with_apple': None, 'user_status': 'special', 'is_creator': True, 'premium_start_at': None, 'premium_charge_type': None, 'premium_payment_status': None, 'has_ppv_permission': None, 'has_active_email_token': None, 'email': None, 'pending_email': None, 'twitter_screen_name': None, 'hidden_channels': None, 'has_confirmed_email': True, 'is_approved_account': True, 'blacklist_count': None, 'blacklist_limit': None}","{'name_color': '#FFEC00', 'is_premium_hidden': False, 'is_official_hidden': False, 'is_subs_badge_hidden': False, 'is_subs_duration_hidden': False}",False,False,False,False,461937306,"[{'id': 1574, 'image_url': 'https://dqd0jw5gvbchn.cloudfront.net/badge/subscription/template/a9c440f7-c013-36a3-4484-3e412f520cc7.png', 'label': 'SS席', 'type': 'subscription', 'subscription': {'months': 7, 'tier': 2}}]",299,FES01,https://dqd0jw5gvbchn.cloudfront.net/yell/299/e40290c7cec606f0f867813e7a224bad976e2fac.gif,,,200,160,15,,yugatan,True,4168588,954887062,銀珍さん,,https://hayabusa.io/openrec-image/user/9548871/954887062.w90.ttl3600.v1620676932.png?format=png,https://hayabusa.io/openrec-image/user/9548871/954887062.w320.ttl3600.v1620676932.png?format=png,,,2,0,False,False,False,False,False,False,False,False,0,True,2021-04-20T19:10:18+09:00,,,,,,,bang,False,,,,,,,,,,True,True,,,1o8qe5j1g8k
4,613033,足しになるなら,2021-05-18T04:37:17+09:00,channel,"{'id': 125, 'name': '002_heart', 'image_url': 'https://dqd0jw5gvbchn.cloudfront.net/yell/125/9cf8b7e3071d824df107d30697fd971855e2f78f.gif', 'image_url_small': '', 'animation_url': '', 'points': 2000, 'yells': 1600, 'ticker_seconds': 35, 'channel': None}","{'id': 'mesaia33', 'registered_user_id': True, 'openrec_user_id': 4050729, 'recxuser_id': 911573937, 'nickname': 'ばーぜ', 'introduction': '', 'icon_image_url': 'https://hayabusa.io/openrec-image/user/9115740/911573937.w90.ttl3600.v1621279472.png?format=png', 'l_icon_image_url': 'https://hayabusa.io/openrec-image/user/9115740/911573937.w320.ttl3600.v1621279472.png?format=png', 'cover_image_url': '', 'l_cover_image_url': '', 'follows': 2, 'followers': 0, 'is_premium': False, 'is_official': False, 'is_fresh': False, 'is_warned': False, 'is_team': False, 'is_league_yell': False, 'is_live': False, 'is_stats_hidden': False, 'live_views': 0, 'is_viewers_hidden': True, 'registered_at': '2021-02-22T19:27:55+09:00', 'last_updated_at': None, 'signed_in_with_facebook': None, 'signed_in_with_twitter': None, 'signed_in_with_google': None, 'signed_in_with_yahoo': None, 'signed_in_with_apple': None, 'user_status': 'bang', 'is_creator': False, 'premium_start_at': None, 'premium_charge_type': None, 'premium_payment_status': None, 'has_ppv_permission': None, 'has_active_email_token': None, 'email': None, 'pending_email': None, 'twitter_screen_name': None, 'hidden_channels': None, 'has_confirmed_email': True, 'is_approved_account': True, 'blacklist_count': None, 'blacklist_limit': None}","{'id': 'sagara_mayu', 'registered_user_id': True, 'openrec_user_id': 3758330, 'recxuser_id': 823666191, 'nickname': '相良茉優のFUN！FAN！FACTORY', 'introduction': '毎週月曜日配信の相良茉優がファンと一緒に楽しいことを作っていく番組です！\n\n番組推奨ハッシュタグ「#さがらFFF」\n是非ハッシュタグを付けて番組や相良茉優について呟いてください！\n\n「Discord」にてサブスク限定コミュニティも運営中！\n以下より連携方法をご確認ください。\nhttps://openrecnext.amebaownd.com/posts/11101764\n\n▼サブスク特典\nA席\n①メンバー限定放送・アーカイブ見放題\n②(入会初月のみ)翌月10日頃にOPENRECポイント300Pt付与\n③お誕生日月にお名前入り写真プレゼント(集合)※Discordにて前月中に申し込みの必要あり\n\nS席\n①メンバー限定放送・アーカイブ見放題\n②S席・SS席限定オフショット写真プレゼント\n③限定サイン入りチェキを抽選でプレゼント\n④(入会初月のみ)翌月10日頃にOPENRECポイント500Pt付与\n⑤お誕生日月にお名前入り写真プレゼント(個別)※Discordにて前月中に申し込みの必要あり\n\nSS席\n①メンバー限定配信・アーカイブ見放題\n②オフショット写真プレゼント\n③限定サイン入りチェキを抽選でプレゼント\n④視聴者参加型企画参加権利(抽選)\n⑤オフショット動画見放題\n⑥S席・SS席限定オフショット\n⑦(入会初月のみ)翌月10日頃にOPENRECポイント800Pt付与\n⑧お誕生日月にお名前をお呼びしたお祝い動画をプレゼント！\n\u3000(※Discordにて前月までに申し込みの必要あり)\n\n■相良茉優プロフィール\n京都府出身。4月17日生まれ。Digital Double所属。\n「アイドルメモリーズ」梶原未来で初めてのメインキャラを演じ、声優として活動を始める。\n2017年「ラブライブ！虹ヶ咲学園スクールアイドル同好会」で中須かすみに抜擢され、\n同作品のスクールアイドルとして現在放送中のアニメやゲーム・ライブで活動中。\n他にも、アプリ「ひぐらしのなく頃に命」(公由一穂)、アプリ「マギアレコード 魔法少女まどか☆マギカ外伝」(広江ちはる)等、多数作品に出演。2020年春に短編映画「時々は、眠れない夜に」に初めて実写での出演を果たした。\n', 'icon_image_url': 'https://hayabusa.io/openrec-image/user/8236662/823666191_202010211143.w90.ttl3600.png?format=png', 'l_icon_image_url': 'https://hayabusa.io/openrec-image/user/8236662/823666191_202010211143.w320.ttl3600.png?format=png', 'cover_image_url': 'https://hayabusa.io/openrec-image/user_background/8236662/823666191_202010211143.w210.ttl3600.png?format=png', 'l_cover_image_url': 'https://dqd0jw5gvbchn.cloudfront.net/user_background/8236662/823666191_202010211143.png', 'follows': 2, 'followers': 3677, 'is_premium': True, 'is_official': True, 'is_fresh': False, 'is_warned': False, 'is_team': False, 'is_league_yell': False, 'is_live': False, 'is_stats_hidden': False, 'live_views': 0, 'is_viewers_hidden': True, 'registered_at': '2020-10-19T20:34:04+09:00', 'last_updated_at': '2021-11-13T20:00:01+09:00', 'signed_in_with_facebook': None, 'signed_in_with_twitter': None, 'signed_in_with_google': None, 'signed_in_with_yahoo': None, 'signed_in_with_apple': None, 'user_status': 'special', 'is_creator': True, 'premium_start_at': None, 'premium_charge_type': None, 'premium_payment_status': None, 'has_ppv_permission': None, 'has_active_email_token': None, 'email': None, 'pending_email': None, 'twitter_screen_name': None, 'hidden_channels': None, 'has_confirmed_email': True, 'is_approved_account': True, 'blacklist_count': None, 'blacklist_limit': None}","{'name_color': '#B6FF59', 'is_premium_hidden': False, 'is_official_hidden': False, 'is_subs_badge_hidden': False, 'is_subs_duration_hidden': False}",False,False,False,False,461937076,"[{'id': 1574, 'image_url': 'https://dqd0jw5gvbchn.cloudfront.net/badge/subscription/template/a9c440f7-c013-36a3-4484-3e412f520cc7.png', 'label': 'SS席', 'type': 'subscription', 'subscription': {'months': 9, 'tier': 2}}]",125,002_heart,https://dqd0jw5gvbchn.cloudfront.net/yell/125/9cf8b7e3071d824df107d30697fd971855e2f78f.gif,,,2000,1600,35,,mesaia33,True,4050729,911573937,ばーぜ,,https://hayabusa.io/openrec-image/user/9115740/911573937.w90.ttl3600.v1621279472.png?format=png,https://hayabusa.io/openrec-image/user/9115740/911573937.w320.ttl3600.v1621279472.png?format=png,,,2,0,False,False,False,False,False,False,False,False,0,True,2021-02-22T19:27:55+09:00,,,,,,,bang,False,,,,,,,,,,True,True,,,1o8qe5j1g8k
5,613032,お先失礼します…貴重な話たくさん聞けてよかったです…ベーコンポテトパイ置いていきます,2021-05-18T04:37:05+09:00,channel,"{'id': 300, 'name': 'FES02', 'image_url': 'https://dqd0jw5gvbchn.cloudfront.net/yell/300/59aff2cb78428e04874c99ce75121618cdcfe1ad.gif', 'image_url_small': '', 'animation_url': '', 'points': 500, 'yells': 400, 'ticker_seconds': 15, 'channel': None}","{'id': 'muuma1128', 'registered_user_id': True, 'openrec_user_id': 4216569, 'recxuser_id': 848103933, 'nickname': 'むうま', 'introduction': '', 'icon_image_url': '', 'l_icon_image_url': '', 'cover_image_url': '', 'l_cover_image_url': '', 'follows': 1, 'followers': 0, 'is_premium': False, 'is_official': False, 'is_fresh': False, 'is_warned': False, 'is_team': False, 'is_league_yell': False, 'is_live': False, 'is_stats_hidden': False, 'live_views': 0, 'is_viewers_hidden': True, 'registered_at': '2021-05-10T22:17:27+09:00', 'last_updated_at': None, 'signed_in_with_facebook': None, 'signed_in_with_twitter': None, 'signed_in_with_google': None, 'signed_in_with_yahoo': None, 'signed_in_with_apple': None, 'user_status': 'bang', 'is_creator': False, 'premium_start_at': None, 'premium_charge_type': None, 'premium_payment_status': None, 'has_ppv_permission': None, 'has_active_email_token': None, 'email': None, 'pending_email': None, 'twitter_screen_name': None, 'hidden_channels': None, 'has_confirmed_email': True, 'is_approved_account': True, 'blacklist_count': None, 'blacklist_limit': None}","{'id': 'sagara_mayu', 'registered_user_id': True, 'openrec_user_id': 3758330, 'recxuser_id': 823666191, 'nickname': '相良茉優のFUN！FAN！FACTORY', 'introduction': '毎週月曜日配信の相良茉優がファンと一緒に楽しいことを作っていく番組です！\n\n番組推奨ハッシュタグ「#さがらFFF」\n是非ハッシュタグを付けて番組や相良茉優について呟いてください！\n\n「Discord」にてサブスク限定コミュニティも運営中！\n以下より連携方法をご確認ください。\nhttps://openrecnext.amebaownd.com/posts/11101764\n\n▼サブスク特典\nA席\n①メンバー限定放送・アーカイブ見放題\n②(入会初月のみ)翌月10日頃にOPENRECポイント300Pt付与\n③お誕生日月にお名前入り写真プレゼント(集合)※Discordにて前月中に申し込みの必要あり\n\nS席\n①メンバー限定放送・アーカイブ見放題\n②S席・SS席限定オフショット写真プレゼント\n③限定サイン入りチェキを抽選でプレゼント\n④(入会初月のみ)翌月10日頃にOPENRECポイント500Pt付与\n⑤お誕生日月にお名前入り写真プレゼント(個別)※Discordにて前月中に申し込みの必要あり\n\nSS席\n①メンバー限定配信・アーカイブ見放題\n②オフショット写真プレゼント\n③限定サイン入りチェキを抽選でプレゼント\n④視聴者参加型企画参加権利(抽選)\n⑤オフショット動画見放題\n⑥S席・SS席限定オフショット\n⑦(入会初月のみ)翌月10日頃にOPENRECポイント800Pt付与\n⑧お誕生日月にお名前をお呼びしたお祝い動画をプレゼント！\n\u3000(※Discordにて前月までに申し込みの必要あり)\n\n■相良茉優プロフィール\n京都府出身。4月17日生まれ。Digital Double所属。\n「アイドルメモリーズ」梶原未来で初めてのメインキャラを演じ、声優として活動を始める。\n2017年「ラブライブ！虹ヶ咲学園スクールアイドル同好会」で中須かすみに抜擢され、\n同作品のスクールアイドルとして現在放送中のアニメやゲーム・ライブで活動中。\n他にも、アプリ「ひぐらしのなく頃に命」(公由一穂)、アプリ「マギアレコード 魔法少女まどか☆マギカ外伝」(広江ちはる)等、多数作品に出演。2020年春に短編映画「時々は、眠れない夜に」に初めて実写での出演を果たした。\n', 'icon_image_url': 'https://hayabusa.io/openrec-image/user/8236662/823666191_202010211143.w90.ttl3600.png?format=png', 'l_icon_image_url': 'https://hayabusa.io/openrec-image/user/8236662/823666191_202010211143.w320.ttl3600.png?format=png', 'cover_image_url': 'https://hayabusa.io/openrec-image/user_background/8236662/823666191_202010211143.w210.ttl3600.png?format=png', 'l_cover_image_url': 'https://dqd0jw5gvbchn.cloudfront.net/user_background/8236662/823666191_202010211143.png', 'follows': 2, 'followers': 3677, 'is_premium': True, 'is_official': True, 'is_fresh': False, 'is_warned': False, 'is_team': False, 'is_league_yell': False, 'is_live': False, 'is_stats_hidden': False, 'live_views': 0, 'is_viewers_hidden': True, 'registered_at': '2020-10-19T20:34:04+09:00', 'last_updated_at': '2021-11-13T20:00:01+09:00', 'signed_in_with_facebook': None, 'signed_in_with_twitter': None, 'signed_in_with_google': None, 'signed_in_with_yahoo': None, 'signed_in_with_apple': None, 'user_status': 'special', 'is_creator': True, 'premium_start_at': None, 'premium_charge_type': None, 'premium_payment_status': None, 'has_ppv_permission': None, 'has_active_email_token': None, 'email': None, 'pending_email': None, 'twitter_screen_name': None, 'hidden_channels': None, 'has_confirmed_email': True, 'is_approved_account': True, 'blacklist_count': None, 'blacklist_limit': None}","{'name_color': '#94FF0D', 'is_premium_hidden': False, 'is_official_hidden': False, 'is_subs_badge_hidden': False, 'is_subs_duration_hidden': False}",False,False,False,False,461937066,"[{'id': 1563, 'image_url': 'https://dqd0jw5gvbchn.cloudfront.net/badge/subscription/template/a9c440f7-c013-36a3-4484-3e412f520cc7.png', 'label': 'A席', 'type': 'subscription', 'subscription': {'months': 7, 'tier': 0}}]",300,FES02,https://dqd0jw5gvbchn.cloudfront.net/yell/300/59aff2cb78428e04874c99ce75121618cdcfe1ad.gif,,,500,400,15,,muuma1128,True,4216569,848103933,むうま,,,,,,1,0,False,False,False,False,False,False,False,False,0,True,2021-05-10T22:17:27+09:00,,,,,,,bang,False,,,,,,,,,,True,True,,,1o8qe5j1g8k
6,613031,ポーナス＆タクシー代,2021-05-18T04:36:47+09:00,channel,"{'id': 238, 'name': '01_Flower', 'image_url': 'https://dqd0jw5gvbchn.cloudfront.net/yell/238/51da3cd9a17dbd8974f0eca804ff5cc4c426646a.gif', 'image_url_small': '', 'animation_url': '', 'points': 4000, 'yells': 3200, 'ticker_seconds': 20, 'channel': None}","{'id': 'KoizumiKuro_HK', 'registered_user_id': True, 'openrec_user_id': 3761245, 'recxuser_id': 825112534, 'nickname': '小泉くろ', 'introduction': '推しの為にここに来た(｀・ω・´)\nよろしくお願いしますね', 'icon_image_url': 'https://hayabusa.io/openrec-image/user/8251126/825112534.w90.ttl3600.v1614359322.png?format=png', 'l_icon_image_url': 'https://hayabusa.io/openrec-image/user/8251126/825112534.w320.ttl3600.v1614359322.png?format=png', 'cover_image_url': 'https://hayabusa.io/openrec-image/user_background/8251126/825112534_cover.w210.ttl3600.v1614359322.png?format=png', 'l_cover_image_url': 'https://dqd0jw5gvbchn.cloudfront.net/user_background/8251126/825112534_cover.png?1614359322', 'follows': 5, 'followers': 3, 'is_premium': True, 'is_official': False, 'is_fresh': False, 'is_warned': False, 'is_team': False, 'is_league_yell': False, 'is_live': False, 'is_stats_hidden': False, 'live_views': 0, 'is_viewers_hidden': True, 'registered_at': '2020-10-21T23:09:42+09:00', 'last_updated_at': None, 'signed_in_with_facebook': None, 'signed_in_with_twitter': None, 'signed_in_with_google': None, 'signed_in_with_yahoo': None, 'signed_in_with_apple': None, 'user_status': 'bang', 'is_creator': False, 'premium_start_at': None, 'premium_charge_type': None, 'premium_payment_status': None, 'has_ppv_permission': None, 'has_active_email_token': None, 'email': None, 'pending_email': None, 'twitter_screen_name': None, 'hidden_channels': None, 'has_confirmed_email': True, 'is_approved_account': True, 'blacklist_count': None, 'blacklist_limit': None}","{'id': 'sagara_mayu', 'registered_user_id': True, 'openrec_user_id': 3758330, 'recxuser_id': 823666191, 'nickname': '相良茉優のFUN！FAN！FACTORY', 'introduction': '毎週月曜日配信の相良茉優がファンと一緒に楽しいことを作っていく番組です！\n\n番組推奨ハッシュタグ「#さがらFFF」\n是非ハッシュタグを付けて番組や相良茉優について呟いてください！\n\n「Discord」にてサブスク限定コミュニティも運営中！\n以下より連携方法をご確認ください。\nhttps://openrecnext.amebaownd.com/posts/11101764\n\n▼サブスク特典\nA席\n①メンバー限定放送・アーカイブ見放題\n②(入会初月のみ)翌月10日頃にOPENRECポイント300Pt付与\n③お誕生日月にお名前入り写真プレゼント(集合)※Discordにて前月中に申し込みの必要あり\n\nS席\n①メンバー限定放送・アーカイブ見放題\n②S席・SS席限定オフショット写真プレゼント\n③限定サイン入りチェキを抽選でプレゼント\n④(入会初月のみ)翌月10日頃にOPENRECポイント500Pt付与\n⑤お誕生日月にお名前入り写真プレゼント(個別)※Discordにて前月中に申し込みの必要あり\n\nSS席\n①メンバー限定配信・アーカイブ見放題\n②オフショット写真プレゼント\n③限定サイン入りチェキを抽選でプレゼント\n④視聴者参加型企画参加権利(抽選)\n⑤オフショット動画見放題\n⑥S席・SS席限定オフショット\n⑦(入会初月のみ)翌月10日頃にOPENRECポイント800Pt付与\n⑧お誕生日月にお名前をお呼びしたお祝い動画をプレゼント！\n\u3000(※Discordにて前月までに申し込みの必要あり)\n\n■相良茉優プロフィール\n京都府出身。4月17日生まれ。Digital Double所属。\n「アイドルメモリーズ」梶原未来で初めてのメインキャラを演じ、声優として活動を始める。\n2017年「ラブライブ！虹ヶ咲学園スクールアイドル同好会」で中須かすみに抜擢され、\n同作品のスクールアイドルとして現在放送中のアニメやゲーム・ライブで活動中。\n他にも、アプリ「ひぐらしのなく頃に命」(公由一穂)、アプリ「マギアレコード 魔法少女まどか☆マギカ外伝」(広江ちはる)等、多数作品に出演。2020年春に短編映画「時々は、眠れない夜に」に初めて実写での出演を果たした。\n', 'icon_image_url': 'https://hayabusa.io/openrec-image/user/8236662/823666191_202010211143.w90.ttl3600.png?format=png', 'l_icon_image_url': 'https://hayabusa.io/openrec-image/user/8236662/823666191_202010211143.w320.ttl3600.png?format=png', 'cover_image_url': 'https://hayabusa.io/openrec-image/user_background/8236662/823666191_202010211143.w210.ttl3600.png?format=png', 'l_cover_image_url': 'https://dqd0jw5gvbchn.cloudfront.net/user_background/8236662/823666191_202010211143.png', 'follows': 2, 'followers': 3677, 'is_premium': True, 'is_official': True, 'is_fresh': False, 'is_warned': False, 'is_team': False, 'is_league_yell': False, 'is_live': False, 'is_stats_hidden': False, 'live_views': 0, 'is_viewers_hidden': True, 'registered_at': '2020-10-19T20:34:04+09:00', 'last_updated_at': '2021-11-13T20:00:01+09:00', 'signed_in_with_facebook': None, 'signed_in_with_twitter': None, 'signed_in_with_google': None, 'signed_in_with_yahoo': None, 'signed_in_with_apple': None, 'user_status': 'special', 'is_creator': True, 'premium_start_at': None, 'premium_charge_type': None, 'premium_payment_status': None, 'has_ppv_permission': None, 'has_active_email_token': None, 'email': None, 'pending_email': None, 'twitter_screen_name': None, 'hidden_channels': None, 'has_confirmed_email': True, 'is_approved_account': True, 'blacklist_count': None, 'blacklist_limit': None}","{'name_color': '#34AEF6', 'is_premium_hidden': False, 'is_official_hidden': False, 'is_subs_badge_hidden': False, 'is_subs_duration_hidden': False}",False,False,False,False,461937052,"[{'id': 1574, 'image_url': 'https://dqd0jw5gvbchn.cloudfront.net/badge/subscription/template/a9c440f7-c013-36a3-4484-3e412f520cc7.png', 'label': 'SS席', 'type': 'subscription', 'subscription': {'months': 13, 'tier': 2}}]",238,01_Flower,https://dqd0jw5gvbchn.cloudfront.net/yell/238/51da3cd9a17dbd8974f0eca804ff5cc4c426646a.gif,,,4000,3200,20,,KoizumiKuro_HK,True,3761245,825112534,小泉くろ,"推しの為にここに来た(｀・ω・´)
よろしくお願いしますね",https://hayabusa.io/openrec-image/user/8251126/825112534.w90.ttl3600.v1614359322.png?format=png,https://hayabusa.io/openrec-image/user/8251126/825112534.w320.ttl3600.v1614359322.png?format=png,https://hayabusa.io/openrec-image/user_background/8251126/825112534_cover.w210.ttl3600.v1614359322.png?format=png,https://dqd0jw5gvbchn.cloudfront.net/user_background/8251126/825112534_cover.png?1614359322,5,3,True,False,False,False,False,False,False,False,0,True,2020-10-21T23:09:42+09:00,,,,,,,bang,False,,,,,,,,,,True,True,,,1o8qe5j1g8k
7,613030,ボーナスの足しに〜,2021-05-18T04:35:23+09:00,channel,"{'id': 299, 'name': 'FES01', 'image_url': 'https://dqd0jw5gvbchn.cloudfront.net/yell/299/e40290c7cec606f0f867813e7a224bad976e2fac.gif', 'image_url_small': '', 'animation_url': '', 'points': 200, 'yells': 160, 'ticker_seconds': 15, 'channel': None}","{'id': 's_kanzaki', 'registered_user_id': True, 'openrec_user_id': 3806681, 'recxuser_id': 833669184, 'nickname': 'しんく', 'introduction': 'まゆちの｢さがらFFF｣をみたいが為に登録しました\n\nよろしくお願いしますm(*_ _)m', 'icon_image_url': 'https://hayabusa.io/openrec-image/user/8336692/833669184.w90.ttl3600.v1604326512.png?format=png', 'l_icon_image_url': 'https://hayabusa.io/openrec-image/user/8336692/833669184.w320.ttl3600.v1604326512.png?format=png', 'cover_image_url': 'https://hayabusa.io/openrec-image/user_background/8336692/833669184_cover.w210.ttl3600.v1604326512.png?format=png', 'l_cover_image_url': 'https://dqd0jw5gvbchn.cloudfront.net/user_background/8336692/833669184_cover.png?1604326512', 'follows': 2, 'followers': 0, 'is_premium': True, 'is_official': False, 'is_fresh': False, 'is_warned': False, 'is_team': False, 'is_league_yell': False, 'is_live': False, 'is_stats_hidden': False, 'live_views': 0, 'is_viewers_hidden': True, 'registered_at': '2020-11-02T23:02:11+09:00', 'last_updated_at': None, 'signed_in_with_facebook': None, 'signed_in_with_twitter': None, 'signed_in_with_google': None, 'signed_in_with_yahoo': None, 'signed_in_with_apple': None, 'user_status': 'bang', 'is_creator': False, 'premium_start_at': None, 'premium_charge_type': None, 'premium_payment_status': None, 'has_ppv_permission': None, 'has_active_email_token': None, 'email': None, 'pending_email': None, 'twitter_screen_name': None, 'hidden_channels': None, 'has_confirmed_email': True, 'is_approved_account': True, 'blacklist_count': None, 'blacklist_limit': None}","{'id': 'sagara_mayu', 'registered_user_id': True, 'openrec_user_id': 3758330, 'recxuser_id': 823666191, 'nickname': '相良茉優のFUN！FAN！FACTORY', 'introduction': '毎週月曜日配信の相良茉優がファンと一緒に楽しいことを作っていく番組です！\n\n番組推奨ハッシュタグ「#さがらFFF」\n是非ハッシュタグを付けて番組や相良茉優について呟いてください！\n\n「Discord」にてサブスク限定コミュニティも運営中！\n以下より連携方法をご確認ください。\nhttps://openrecnext.amebaownd.com/posts/11101764\n\n▼サブスク特典\nA席\n①メンバー限定放送・アーカイブ見放題\n②(入会初月のみ)翌月10日頃にOPENRECポイント300Pt付与\n③お誕生日月にお名前入り写真プレゼント(集合)※Discordにて前月中に申し込みの必要あり\n\nS席\n①メンバー限定放送・アーカイブ見放題\n②S席・SS席限定オフショット写真プレゼント\n③限定サイン入りチェキを抽選でプレゼント\n④(入会初月のみ)翌月10日頃にOPENRECポイント500Pt付与\n⑤お誕生日月にお名前入り写真プレゼント(個別)※Discordにて前月中に申し込みの必要あり\n\nSS席\n①メンバー限定配信・アーカイブ見放題\n②オフショット写真プレゼント\n③限定サイン入りチェキを抽選でプレゼント\n④視聴者参加型企画参加権利(抽選)\n⑤オフショット動画見放題\n⑥S席・SS席限定オフショット\n⑦(入会初月のみ)翌月10日頃にOPENRECポイント800Pt付与\n⑧お誕生日月にお名前をお呼びしたお祝い動画をプレゼント！\n\u3000(※Discordにて前月までに申し込みの必要あり)\n\n■相良茉優プロフィール\n京都府出身。4月17日生まれ。Digital Double所属。\n「アイドルメモリーズ」梶原未来で初めてのメインキャラを演じ、声優として活動を始める。\n2017年「ラブライブ！虹ヶ咲学園スクールアイドル同好会」で中須かすみに抜擢され、\n同作品のスクールアイドルとして現在放送中のアニメやゲーム・ライブで活動中。\n他にも、アプリ「ひぐらしのなく頃に命」(公由一穂)、アプリ「マギアレコード 魔法少女まどか☆マギカ外伝」(広江ちはる)等、多数作品に出演。2020年春に短編映画「時々は、眠れない夜に」に初めて実写での出演を果たした。\n', 'icon_image_url': 'https://hayabusa.io/openrec-image/user/8236662/823666191_202010211143.w90.ttl3600.png?format=png', 'l_icon_image_url': 'https://hayabusa.io/openrec-image/user/8236662/823666191_202010211143.w320.ttl3600.png?format=png', 'cover_image_url': 'https://hayabusa.io/openrec-image/user_background/8236662/823666191_202010211143.w210.ttl3600.png?format=png', 'l_cover_image_url': 'https://dqd0jw5gvbchn.cloudfront.net/user_background/8236662/823666191_202010211143.png', 'follows': 2, 'followers': 3677, 'is_premium': True, 'is_official': True, 'is_fresh': False, 'is_warned': False, 'is_team': False, 'is_league_yell': False, 'is_live': False, 'is_stats_hidden': False, 'live_views': 0, 'is_viewers_hidden': True, 'registered_at': '2020-10-19T20:34:04+09:00', 'last_updated_at': '2021-11-13T20:00:01+09:00', 'signed_in_with_facebook': None, 'signed_in_with_twitter': None, 'signed_in_with_google': None, 'signed_in_with_yahoo': None, 'signed_in_with_apple': None, 'user_status': 'special', 'is_creator': True, 'premium_start_at': None, 'premium_charge_type': None, 'premium_payment_status': None, 'has_ppv_permission': None, 'has_active_email_token': None, 'email': None, 'pending_email': None, 'twitter_screen_name': None, 'hidden_channels': None, 'has_confirmed_email': True, 'is_approved_account': True, 'blacklist_count': None, 'blacklist_limit': None}","{'name_color': '#FFEC00', 'is_premium_hidden': False, 'is_official_hidden': False, 'is_subs_badge_hidden': False, 'is_subs_duration_hidden': False}",False,False,False,False,461936974,"[{'id': 1574, 'image_url': 'https://dqd0jw5gvbchn.cloudfront.net/badge/subscription/template/a9c440f7-c013-36a3-4484-3e412f520cc7.png', 'label': 'SS席', 'type': 'subscription', 'subscription': {'months': 13, 'tier': 2}}]",299,FES01,https://dqd0jw5gvbchn.cloudfront.net/yell/299/e40290c7cec606f0f867813e7a224bad976e2fac.gif,,,200,160,15,,s_kanzaki,True,3806681,833669184,しんく,"まゆちの｢さがらFFF｣をみたいが為に登録しました

よろしくお願いしますm(*_ _)m",https://hayabusa.io/openrec-image/user/8336692/833669184.w90.ttl3600.v1604326512.png?format=png,https://hayabusa.io/openrec-image/user/8336692/833669184.w320.ttl3600.v1604326512.png?format=png,https://hayabusa.io/openrec-image/user_background/8336692/833669184_cover.w210.ttl3600.v1604326512.png?format=png,https://dqd0jw5gvbchn.cloudfront.net/user_background/8336692/833669184_cover.png?1604326512,2,0,True,False,False,False,False,False,False,False,0,True,2020-11-02T23:02:11+09:00,,,,,,,bang,False,,,,,,,,,,True,True,,,1o8qe5j1g8k
8,613028,ねます！おやすみなさい！,2021-05-18T04:21:02+09:00,channel,"{'id': 21, 'name': '240', 'image_url': 'https://dqd0jw5gvbchn.cloudfront.net/yell/21/4672e33ca0c66f2e0f74e7cbc210b4389b2a1ed6.png', 'image_url_small': '', 'animation_url': '', 'points': 300, 'yells': 240, 'ticker_seconds': 15, 'channel': None}","{'id': 'gunsi1525', 'registered_user_id': True, 'openrec_user_id': 854298, 'recxuser_id': 114712079, 'nickname': 'ぐんし(伝説って？)', 'introduction': '', 'icon_image_url': 'https://hayabusa.io/openrec-image/user/1147121/114712079.w90.ttl3600.v1633353968.png?format=png', 'l_icon_image_url': 'https://hayabusa.io/openrec-image/user/1147121/114712079.w320.ttl3600.v1633353968.png?format=png', 'cover_image_url': '', 'l_cover_image_url': '', 'follows': 9, 'followers': 1, 'is_premium': False, 'is_official': False, 'is_fresh': False, 'is_warned': False, 'is_team': False, 'is_league_yell': False, 'is_live': False, 'is_stats_hidden': False, 'live_views': 0, 'is_viewers_hidden': True, 'registered_at': '2017-07-27T13:25:46+09:00', 'last_updated_at': None, 'signed_in_with_facebook': None, 'signed_in_with_twitter': None, 'signed_in_with_google': None, 'signed_in_with_yahoo': None, 'signed_in_with_apple': None, 'user_status': 'bang', 'is_creator': False, 'premium_start_at': None, 'premium_charge_type': None, 'premium_payment_status': None, 'has_ppv_permission': None, 'has_active_email_token': None, 'email': None, 'pending_email': None, 'twitter_screen_name': None, 'hidden_channels': None, 'has_confirmed_email': True, 'is_approved_account': True, 'blacklist_count': None, 'blacklist_limit': None}","{'id': 'sagara_mayu', 'registered_user_id': True, 'openrec_user_id': 3758330, 'recxuser_id': 823666191, 'nickname': '相良茉優のFUN！FAN！FACTORY', 'introduction': '毎週月曜日配信の相良茉優がファンと一緒に楽しいことを作っていく番組です！\n\n番組推奨ハッシュタグ「#さがらFFF」\n是非ハッシュタグを付けて番組や相良茉優について呟いてください！\n\n「Discord」にてサブスク限定コミュニティも運営中！\n以下より連携方法をご確認ください。\nhttps://openrecnext.amebaownd.com/posts/11101764\n\n▼サブスク特典\nA席\n①メンバー限定放送・アーカイブ見放題\n②(入会初月のみ)翌月10日頃にOPENRECポイント300Pt付与\n③お誕生日月にお名前入り写真プレゼント(集合)※Discordにて前月中に申し込みの必要あり\n\nS席\n①メンバー限定放送・アーカイブ見放題\n②S席・SS席限定オフショット写真プレゼント\n③限定サイン入りチェキを抽選でプレゼント\n④(入会初月のみ)翌月10日頃にOPENRECポイント500Pt付与\n⑤お誕生日月にお名前入り写真プレゼント(個別)※Discordにて前月中に申し込みの必要あり\n\nSS席\n①メンバー限定配信・アーカイブ見放題\n②オフショット写真プレゼント\n③限定サイン入りチェキを抽選でプレゼント\n④視聴者参加型企画参加権利(抽選)\n⑤オフショット動画見放題\n⑥S席・SS席限定オフショット\n⑦(入会初月のみ)翌月10日頃にOPENRECポイント800Pt付与\n⑧お誕生日月にお名前をお呼びしたお祝い動画をプレゼント！\n\u3000(※Discordにて前月までに申し込みの必要あり)\n\n■相良茉優プロフィール\n京都府出身。4月17日生まれ。Digital Double所属。\n「アイドルメモリーズ」梶原未来で初めてのメインキャラを演じ、声優として活動を始める。\n2017年「ラブライブ！虹ヶ咲学園スクールアイドル同好会」で中須かすみに抜擢され、\n同作品のスクールアイドルとして現在放送中のアニメやゲーム・ライブで活動中。\n他にも、アプリ「ひぐらしのなく頃に命」(公由一穂)、アプリ「マギアレコード 魔法少女まどか☆マギカ外伝」(広江ちはる)等、多数作品に出演。2020年春に短編映画「時々は、眠れない夜に」に初めて実写での出演を果たした。\n', 'icon_image_url': 'https://hayabusa.io/openrec-image/user/8236662/823666191_202010211143.w90.ttl3600.png?format=png', 'l_icon_image_url': 'https://hayabusa.io/openrec-image/user/8236662/823666191_202010211143.w320.ttl3600.png?format=png', 'cover_image_url': 'https://hayabusa.io/openrec-image/user_background/8236662/823666191_202010211143.w210.ttl3600.png?format=png', 'l_cover_image_url': 'https://dqd0jw5gvbchn.cloudfront.net/user_background/8236662/823666191_202010211143.png', 'follows': 2, 'followers': 3677, 'is_premium': True, 'is_official': True, 'is_fresh': False, 'is_warned': False, 'is_team': False, 'is_league_yell': False, 'is_live': False, 'is_stats_hidden': False, 'live_views': 0, 'is_viewers_hidden': True, 'registered_at': '2020-10-19T20:34:04+09:00', 'last_updated_at': '2021-11-13T20:00:01+09:00', 'signed_in_with_facebook': None, 'signed_in_with_twitter': None, 'signed_in_with_google': None, 'signed_in_with_yahoo': None, 'signed_in_with_apple': None, 'user_status': 'special', 'is_creator': True, 'premium_start_at': None, 'premium_charge_type': None, 'premium_payment_status': None, 'has_ppv_permission': None, 'has_active_email_token': None, 'email': None, 'pending_email': None, 'twitter_screen_name': None, 'hidden_channels': None, 'has_confirmed_email': True, 'is_approved_account': True, 'blacklist_count': None, 'blacklist_limit': None}","{'name_color': '#2468DF', 'is_premium_hidden': False, 'is_official_hidden': False, 'is_subs_badge_hidden': False, 'is_subs_duration_hidden': False}",False,False,False,False,461936052,"[{'id': 1574, 'image_url': 'https://dqd0jw5gvbchn.cloudfront.net/badge/subscription/template/a9c440f7-c013-36a3-4484-3e412f520cc7.png', 'label': 'SS席', 'type': 'subscription', 'subscription': {'months': 13, 'tier': 2}}]",21,240,https://dqd0jw5gvbchn.cloudfront.net/yell/21/4672e33ca0c66f2e0f74e7cbc210b4389b2a1ed6.png,,,300,240,15,,gunsi1525,True,854298,114712079,ぐんし(伝説って？),,https://hayabusa.io/openrec-image/user/1147121/114712079.w90.ttl3600.v1633353968.png?format=png,https://hayabusa.io/openrec-image/user/1147121/114712079.w320.ttl3600.v1633353968.png?format=png,,,9,1,False,False,False,False,False,False,False,False,0,True,2017-07-27T13:25:46+09:00,,,,,,,bang,False,,,,,,,,,,True,True,,,1o8qe5j1g8k
9,613027,腰お大事にしてください本当に,2021-05-18T04:20:44+09:00,channel,"{'id': 299, 'name': 'FES01', 'image_url': 'https://dqd0jw5gvbchn.cloudfront.net/yell/299/e40290c7cec606f0f867813e7a224bad976e2fac.gif', 'image_url_small': '', 'animation_url': '', 'points': 200, 'yells': 160, 'ticker_seconds': 15, 'channel': None}","{'id': 'yuricoJP', 'registered_user_id': True, 'openrec_user_id': 3806791, 'recxuser_id': 833635430, 'nickname': 'ゆり子･ザ･シーフ!', 'introduction': 'Twitter：https://twitter.com/YuricoTheFFF', 'icon_image_url': 'https://hayabusa.io/openrec-image/user/8336355/833635430.w90.ttl3600.v1606727535.png?format=png', 'l_icon_image_url': 'https://hayabusa.io/openrec-image/user/8336355/833635430.w320.ttl3600.v1606727535.png?format=png', 'cover_image_url': '', 'l_cover_image_url': '', 'follows': 5, 'followers': 0, 'is_premium': False, 'is_official': False, 'is_fresh': False, 'is_warned': False, 'is_team': False, 'is_league_yell': False, 'is_live': False, 'is_stats_hidden': False, 'live_views': 0, 'is_viewers_hidden': True, 'registered_at': '2020-11-02T23:40:04+09:00', 'last_updated_at': None, 'signed_in_with_facebook': None, 'signed_in_with_twitter': None, 'signed_in_with_google': None, 'signed_in_with_yahoo': None, 'signed_in_with_apple': None, 'user_status': 'publish', 'is_creator': False, 'premium_start_at': None, 'premium_charge_type': None, 'premium_payment_status': None, 'has_ppv_permission': None, 'has_active_email_token': None, 'email': None, 'pending_email': None, 'twitter_screen_name': None, 'hidden_channels': None, 'has_confirmed_email': True, 'is_approved_account': True, 'blacklist_count': None, 'blacklist_limit': None}","{'id': 'sagara_mayu', 'registered_user_id': True, 'openrec_user_id': 3758330, 'recxuser_id': 823666191, 'nickname': '相良茉優のFUN！FAN！FACTORY', 'introduction': '毎週月曜日配信の相良茉優がファンと一緒に楽しいことを作っていく番組です！\n\n番組推奨ハッシュタグ「#さがらFFF」\n是非ハッシュタグを付けて番組や相良茉優について呟いてください！\n\n「Discord」にてサブスク限定コミュニティも運営中！\n以下より連携方法をご確認ください。\nhttps://openrecnext.amebaownd.com/posts/11101764\n\n▼サブスク特典\nA席\n①メンバー限定放送・アーカイブ見放題\n②(入会初月のみ)翌月10日頃にOPENRECポイント300Pt付与\n③お誕生日月にお名前入り写真プレゼント(集合)※Discordにて前月中に申し込みの必要あり\n\nS席\n①メンバー限定放送・アーカイブ見放題\n②S席・SS席限定オフショット写真プレゼント\n③限定サイン入りチェキを抽選でプレゼント\n④(入会初月のみ)翌月10日頃にOPENRECポイント500Pt付与\n⑤お誕生日月にお名前入り写真プレゼント(個別)※Discordにて前月中に申し込みの必要あり\n\nSS席\n①メンバー限定配信・アーカイブ見放題\n②オフショット写真プレゼント\n③限定サイン入りチェキを抽選でプレゼント\n④視聴者参加型企画参加権利(抽選)\n⑤オフショット動画見放題\n⑥S席・SS席限定オフショット\n⑦(入会初月のみ)翌月10日頃にOPENRECポイント800Pt付与\n⑧お誕生日月にお名前をお呼びしたお祝い動画をプレゼント！\n\u3000(※Discordにて前月までに申し込みの必要あり)\n\n■相良茉優プロフィール\n京都府出身。4月17日生まれ。Digital Double所属。\n「アイドルメモリーズ」梶原未来で初めてのメインキャラを演じ、声優として活動を始める。\n2017年「ラブライブ！虹ヶ咲学園スクールアイドル同好会」で中須かすみに抜擢され、\n同作品のスクールアイドルとして現在放送中のアニメやゲーム・ライブで活動中。\n他にも、アプリ「ひぐらしのなく頃に命」(公由一穂)、アプリ「マギアレコード 魔法少女まどか☆マギカ外伝」(広江ちはる)等、多数作品に出演。2020年春に短編映画「時々は、眠れない夜に」に初めて実写での出演を果たした。\n', 'icon_image_url': 'https://hayabusa.io/openrec-image/user/8236662/823666191_202010211143.w90.ttl3600.png?format=png', 'l_icon_image_url': 'https://hayabusa.io/openrec-image/user/8236662/823666191_202010211143.w320.ttl3600.png?format=png', 'cover_image_url': 'https://hayabusa.io/openrec-image/user_background/8236662/823666191_202010211143.w210.ttl3600.png?format=png', 'l_cover_image_url': 'https://dqd0jw5gvbchn.cloudfront.net/user_background/8236662/823666191_202010211143.png', 'follows': 2, 'followers': 3677, 'is_premium': True, 'is_official': True, 'is_fresh': False, 'is_warned': False, 'is_team': False, 'is_league_yell': False, 'is_live': False, 'is_stats_hidden': False, 'live_views': 0, 'is_viewers_hidden': True, 'registered_at': '2020-10-19T20:34:04+09:00', 'last_updated_at': '2021-11-13T20:00:01+09:00', 'signed_in_with_facebook': None, 'signed_in_with_twitter': None, 'signed_in_with_google': None, 'signed_in_with_yahoo': None, 'signed_in_with_apple': None, 'user_status': 'special', 'is_creator': True, 'premium_start_at': None, 'premium_charge_type': None, 'premium_payment_status': None, 'has_ppv_permission': None, 'has_active_email_token': None, 'email': None, 'pending_email': None, 'twitter_screen_name': None, 'hidden_channels': None, 'has_confirmed_email': True, 'is_approved_account': True, 'blacklist_count': None, 'blacklist_limit': None}","{'name_color': '#F75D52', 'is_premium_hidden': False, 'is_official_hidden': False, 'is_subs_badge_hidden': False, 'is_subs_duration_hidden': False}",False,False,False,False,461936029,"[{'id': 1563, 'image_url': 'https://dqd0jw5gvbchn.cloudfront.net/badge/subscription/template/a9c440f7-c013-36a3-4484-3e412f520cc7.png', 'label': 'A席', 'type': 'subscription', 'subscription': {'months': 13, 'tier': 0}}]",299,FES01,https://dqd0jw5gvbchn.cloudfront.net/yell/299/e40290c7cec606f0f867813e7a224bad976e2fac.gif,,,200,160,15,,yuricoJP,True,3806791,833635430,ゆり子･ザ･シーフ!,Twitter：https://twitter.com/YuricoTheFFF,https://hayabusa.io/openrec-image/user/8336355/833635430.w90.ttl3600.v1606727535.png?format=png,https://hayabusa.io/openrec-image/user/8336355/833635430.w320.ttl3600.v1606727535.png?format=png,,,5,0,False,False,False,False,False,False,False,False,0,True,2020-11-02T23:40:04+09:00,,,,,,,publish,False,,,,,,,,,,True,True,,,1o8qe5j1g8k
10,613022,発送作業、遅くまでありがとうございます。おやすみなさい。,2021-05-18T04:08:18+09:00,channel,"{'id': 304, 'name': 'may02', 'image_url': 'https://dqd0jw5gvbchn.cloudfront.net/yell/304/2d93069f9af1f6dca8c2c5832466a64d2f546397.gif', 'image_url_small': '', 'animation_url': '', 'points': 500, 'yells': 400, 'ticker_seconds': 15, 'channel': None}","{'id': 'manamanakupo', 'registered_user_id': True, 'openrec_user_id': 3783989, 'recxuser_id': 831284911, 'nickname': 'マナマナ', 'introduction': '', 'icon_image_url': 'https://hayabusa.io/openrec-image/user/8312850/831284911.w90.ttl3600.v1609932748.png?format=png', 'l_icon_image_url': 'https://hayabusa.io/openrec-image/user/8312850/831284911.w320.ttl3600.v1609932748.png?format=png', 'cover_image_url': '', 'l_cover_image_url': '', 'follows': 4, 'followers': 0, 'is_premium': False, 'is_official': False, 'is_fresh': False, 'is_warned': False, 'is_team': False, 'is_league_yell': False, 'is_live': False, 'is_stats_hidden': False, 'live_views': 0, 'is_viewers_hidden': True, 'registered_at': '2020-10-30T23:51:33+09:00', 'last_updated_at': None, 'signed_in_with_facebook': None, 'signed_in_with_twitter': None, 'signed_in_with_google': None, 'signed_in_with_yahoo': None, 'signed_in_with_apple': None, 'user_status': 'bang', 'is_creator': False, 'premium_start_at': None, 'premium_charge_type': None, 'premium_payment_status': None, 'has_ppv_permission': None, 'has_active_email_token': None, 'email': None, 'pending_email': None, 'twitter_screen_name': None, 'hidden_channels': None, 'has_confirmed_email': True, 'is_approved_account': True, 'blacklist_count': None, 'blacklist_limit': None}","{'id': 'sagara_mayu', 'registered_user_id': True, 'openrec_user_id': 3758330, 'recxuser_id': 823666191, 'nickname': '相良茉優のFUN！FAN！FACTORY', 'introduction': '毎週月曜日配信の相良茉優がファンと一緒に楽しいことを作っていく番組です！\n\n番組推奨ハッシュタグ「#さがらFFF」\n是非ハッシュタグを付けて番組や相良茉優について呟いてください！\n\n「Discord」にてサブスク限定コミュニティも運営中！\n以下より連携方法をご確認ください。\nhttps://openrecnext.amebaownd.com/posts/11101764\n\n▼サブスク特典\nA席\n①メンバー限定放送・アーカイブ見放題\n②(入会初月のみ)翌月10日頃にOPENRECポイント300Pt付与\n③お誕生日月にお名前入り写真プレゼント(集合)※Discordにて前月中に申し込みの必要あり\n\nS席\n①メンバー限定放送・アーカイブ見放題\n②S席・SS席限定オフショット写真プレゼント\n③限定サイン入りチェキを抽選でプレゼント\n④(入会初月のみ)翌月10日頃にOPENRECポイント500Pt付与\n⑤お誕生日月にお名前入り写真プレゼント(個別)※Discordにて前月中に申し込みの必要あり\n\nSS席\n①メンバー限定配信・アーカイブ見放題\n②オフショット写真プレゼント\n③限定サイン入りチェキを抽選でプレゼント\n④視聴者参加型企画参加権利(抽選)\n⑤オフショット動画見放題\n⑥S席・SS席限定オフショット\n⑦(入会初月のみ)翌月10日頃にOPENRECポイント800Pt付与\n⑧お誕生日月にお名前をお呼びしたお祝い動画をプレゼント！\n\u3000(※Discordにて前月までに申し込みの必要あり)\n\n■相良茉優プロフィール\n京都府出身。4月17日生まれ。Digital Double所属。\n「アイドルメモリーズ」梶原未来で初めてのメインキャラを演じ、声優として活動を始める。\n2017年「ラブライブ！虹ヶ咲学園スクールアイドル同好会」で中須かすみに抜擢され、\n同作品のスクールアイドルとして現在放送中のアニメやゲーム・ライブで活動中。\n他にも、アプリ「ひぐらしのなく頃に命」(公由一穂)、アプリ「マギアレコード 魔法少女まどか☆マギカ外伝」(広江ちはる)等、多数作品に出演。2020年春に短編映画「時々は、眠れない夜に」に初めて実写での出演を果たした。\n', 'icon_image_url': 'https://hayabusa.io/openrec-image/user/8236662/823666191_202010211143.w90.ttl3600.png?format=png', 'l_icon_image_url': 'https://hayabusa.io/openrec-image/user/8236662/823666191_202010211143.w320.ttl3600.png?format=png', 'cover_image_url': 'https://hayabusa.io/openrec-image/user_background/8236662/823666191_202010211143.w210.ttl3600.png?format=png', 'l_cover_image_url': 'https://dqd0jw5gvbchn.cloudfront.net/user_background/8236662/823666191_202010211143.png', 'follows': 2, 'followers': 3677, 'is_premium': True, 'is_official': True, 'is_fresh': False, 'is_warned': False, 'is_team': False, 'is_league_yell': False, 'is_live': False, 'is_stats_hidden': False, 'live_views': 0, 'is_viewers_hidden': True, 'registered_at': '2020-10-19T20:34:04+09:00', 'last_updated_at': '2021-11-13T20:00:01+09:00', 'signed_in_with_facebook': None, 'signed_in_with_twitter': None, 'signed_in_with_google': None, 'signed_in_with_yahoo': None, 'signed_in_with_apple': None, 'user_status': 'special', 'is_creator': True, 'premium_start_at': None, 'premium_charge_type': None, 'premium_payment_status': None, 'has_ppv_permission': None, 'has_active_email_token': None, 'email': None, 'pending_email': None, 'twitter_screen_name': None, 'hidden_channels': None, 'has_confirmed_email': True, 'is_approved_account': True, 'blacklist_count': None, 'blacklist_limit': None}","{'name_color': '#F6A434', 'is_premium_hidden': False, 'is_official_hidden': False, 'is_subs_badge_hidden': False, 'is_subs_duration_hidden': False}",False,False,False,False,461935001,"[{'id': 1574, 'image_url': 'https://dqd0jw5gvbchn.cloudfront.net/badge/subscription/template/a9c440f7-c013-36a3-4484-3e412f520cc7.png', 'label': 'SS席', 'type': 'subscription', 'subscription': {'months': 13, 'tier': 2}}]",304,may02,https://dqd0jw5gvbchn.cloudfront.net/yell/304/2d93069f9af1f6dca8c2c5832466a64d2f546397.gif,,,500,400,15,,manamanakupo,True,3783989,831284911,マナマナ,,https://hayabusa.io/openrec-image/user/8312850/831284911.w90.ttl3600.v1609932748.png?format=png,https://hayabusa.io/openrec-image/user/8312850/831284911.w320.ttl3600.v1609932748.png?format=png,,,4,0,False,False,False,False,False,False,False,False,0,True,2020-10-30T23:51:33+09:00,,,,,,,bang,False,,,,,,,,,,True,True,,,1o8qe5j1g8k
11,613020,相良さん炊飯器の使い方知ってます？,2021-05-18T04:06:04+09:00,channel,"{'id': 299, 'name': 'FES01', 'image_url': 'https://dqd0jw5gvbchn.cloudfront.net/yell/299/e40290c7cec606f0f867813e7a224bad976e2fac.gif', 'image_url_small': '', 'animation_url': '', 'points': 200, 'yells': 160, 'ticker_seconds': 15, 'channel': None}","{'id': 'KoizumiKuro_HK', 'registered_user_id': True, 'openrec_user_id': 3761245, 'recxuser_id': 825112534, 'nickname': '小泉くろ', 'introduction': '推しの為にここに来た(｀・ω・´)\nよろしくお願いしますね', 'icon_image_url': 'https://hayabusa.io/openrec-image/user/8251126/825112534.w90.ttl3600.v1614359322.png?format=png', 'l_icon_image_url': 'https://hayabusa.io/openrec-image/user/8251126/825112534.w320.ttl3600.v1614359322.png?format=png', 'cover_image_url': 'https://hayabusa.io/openrec-image/user_background/8251126/825112534_cover.w210.ttl3600.v1614359322.png?format=png', 'l_cover_image_url': 'https://dqd0jw5gvbchn.cloudfront.net/user_background/8251126/825112534_cover.png?1614359322', 'follows': 5, 'followers': 3, 'is_premium': True, 'is_official': False, 'is_fresh': False, 'is_warned': False, 'is_team': False, 'is_league_yell': False, 'is_live': False, 'is_stats_hidden': False, 'live_views': 0, 'is_viewers_hidden': True, 'registered_at': '2020-10-21T23:09:42+09:00', 'last_updated_at': None, 'signed_in_with_facebook': None, 'signed_in_with_twitter': None, 'signed_in_with_google': None, 'signed_in_with_yahoo': None, 'signed_in_with_apple': None, 'user_status': 'bang', 'is_creator': False, 'premium_start_at': None, 'premium_charge_type': None, 'premium_payment_status': None, 'has_ppv_permission': None, 'has_active_email_token': None, 'email': None, 'pending_email': None, 'twitter_screen_name': None, 'hidden_channels': None, 'has_confirmed_email': True, 'is_approved_account': True, 'blacklist_count': None, 'blacklist_limit': None}","{'id': 'sagara_mayu', 'registered_user_id': True, 'openrec_user_id': 3758330, 'recxuser_id': 823666191, 'nickname': '相良茉優のFUN！FAN！FACTORY', 'introduction': '毎週月曜日配信の相良茉優がファンと一緒に楽しいことを作っていく番組です！\n\n番組推奨ハッシュタグ「#さがらFFF」\n是非ハッシュタグを付けて番組や相良茉優について呟いてください！\n\n「Discord」にてサブスク限定コミュニティも運営中！\n以下より連携方法をご確認ください。\nhttps://openrecnext.amebaownd.com/posts/11101764\n\n▼サブスク特典\nA席\n①メンバー限定放送・アーカイブ見放題\n②(入会初月のみ)翌月10日頃にOPENRECポイント300Pt付与\n③お誕生日月にお名前入り写真プレゼント(集合)※Discordにて前月中に申し込みの必要あり\n\nS席\n①メンバー限定放送・アーカイブ見放題\n②S席・SS席限定オフショット写真プレゼント\n③限定サイン入りチェキを抽選でプレゼント\n④(入会初月のみ)翌月10日頃にOPENRECポイント500Pt付与\n⑤お誕生日月にお名前入り写真プレゼント(個別)※Discordにて前月中に申し込みの必要あり\n\nSS席\n①メンバー限定配信・アーカイブ見放題\n②オフショット写真プレゼント\n③限定サイン入りチェキを抽選でプレゼント\n④視聴者参加型企画参加権利(抽選)\n⑤オフショット動画見放題\n⑥S席・SS席限定オフショット\n⑦(入会初月のみ)翌月10日頃にOPENRECポイント800Pt付与\n⑧お誕生日月にお名前をお呼びしたお祝い動画をプレゼント！\n\u3000(※Discordにて前月までに申し込みの必要あり)\n\n■相良茉優プロフィール\n京都府出身。4月17日生まれ。Digital Double所属。\n「アイドルメモリーズ」梶原未来で初めてのメインキャラを演じ、声優として活動を始める。\n2017年「ラブライブ！虹ヶ咲学園スクールアイドル同好会」で中須かすみに抜擢され、\n同作品のスクールアイドルとして現在放送中のアニメやゲーム・ライブで活動中。\n他にも、アプリ「ひぐらしのなく頃に命」(公由一穂)、アプリ「マギアレコード 魔法少女まどか☆マギカ外伝」(広江ちはる)等、多数作品に出演。2020年春に短編映画「時々は、眠れない夜に」に初めて実写での出演を果たした。\n', 'icon_image_url': 'https://hayabusa.io/openrec-image/user/8236662/823666191_202010211143.w90.ttl3600.png?format=png', 'l_icon_image_url': 'https://hayabusa.io/openrec-image/user/8236662/823666191_202010211143.w320.ttl3600.png?format=png', 'cover_image_url': 'https://hayabusa.io/openrec-image/user_background/8236662/823666191_202010211143.w210.ttl3600.png?format=png', 'l_cover_image_url': 'https://dqd0jw5gvbchn.cloudfront.net/user_background/8236662/823666191_202010211143.png', 'follows': 2, 'followers': 3677, 'is_premium': True, 'is_official': True, 'is_fresh': False, 'is_warned': False, 'is_team': False, 'is_league_yell': False, 'is_live': False, 'is_stats_hidden': False, 'live_views': 0, 'is_viewers_hidden': True, 'registered_at': '2020-10-19T20:34:04+09:00', 'last_updated_at': '2021-11-13T20:00:01+09:00', 'signed_in_with_facebook': None, 'signed_in_with_twitter': None, 'signed_in_with_google': None, 'signed_in_with_yahoo': None, 'signed_in_with_apple': None, 'user_status': 'special', 'is_creator': True, 'premium_start_at': None, 'premium_charge_type': None, 'premium_payment_status': None, 'has_ppv_permission': None, 'has_active_email_token': None, 'email': None, 'pending_email': None, 'twitter_screen_name': None, 'hidden_channels': None, 'has_confirmed_email': True, 'is_approved_account': True, 'blacklist_count': None, 'blacklist_limit': None}","{'name_color': '#34AEF6', 'is_premium_hidden': False, 'is_official_hidden': False, 'is_subs_badge_hidden': False, 'is_subs_duration_hidden': False}",False,False,False,False,461934718,"[{'id': 1574, 'image_url': 'https://dqd0jw5gvbchn.cloudfront.net/badge/subscription/template/a9c440f7-c013-36a3-4484-3e412f520cc7.png', 'label': 'SS席', 'type': 'subscription', 'subscription': {'months': 13, 'tier': 2}}]",299,FES01,https://dqd0jw5gvbchn.cloudfront.net/yell/299/e40290c7cec606f0f867813e7a224bad976e2fac.gif,,,200,160,15,,KoizumiKuro_HK,True,3761245,825112534,小泉くろ,"推しの為にここに来た(｀・ω・´)
よろしくお願いしますね",https://hayabusa.io/openrec-image/user/8251126/825112534.w90.ttl3600.v1614359322.png?format=png,https://hayabusa.io/openrec-image/user/8251126/825112534.w320.ttl3600.v1614359322.png?format=png,https://hayabusa.io/openrec-image/user_background/8251126/825112534_cover.w210.ttl3600.v1614359322.png?format=png,https://dqd0jw5gvbchn.cloudfront.net/user_background/8251126/825112534_cover.png?1614359322,5,3,True,False,False,False,False,False,False,False,0,True,2020-10-21T23:09:42+09:00,,,,,,,bang,False,,,,,,,,,,True,True,,,1o8qe5j1g8k
12,613019,腰お大事に,2021-05-18T04:00:27+09:00,channel,"{'id': 299, 'name': 'FES01', 'image_url': 'https://dqd0jw5gvbchn.cloudfront.net/yell/299/e40290c7cec606f0f867813e7a224bad976e2fac.gif', 'image_url_small': '', 'animation_url': '', 'points': 200, 'yells': 160, 'ticker_seconds': 15, 'channel': None}","{'id': 'yuricoJP', 'registered_user_id': True, 'openrec_user_id': 3806791, 'recxuser_id': 833635430, 'nickname': 'ゆり子･ザ･シーフ!', 'introduction': 'Twitter：https://twitter.com/YuricoTheFFF', 'icon_image_url': 'https://hayabusa.io/openrec-image/user/8336355/833635430.w90.ttl3600.v1606727535.png?format=png', 'l_icon_image_url': 'https://hayabusa.io/openrec-image/user/8336355/833635430.w320.ttl3600.v1606727535.png?format=png', 'cover_image_url': '', 'l_cover_image_url': '', 'follows': 5, 'followers': 0, 'is_premium': False, 'is_official': False, 'is_fresh': False, 'is_warned': False, 'is_team': False, 'is_league_yell': False, 'is_live': False, 'is_stats_hidden': False, 'live_views': 0, 'is_viewers_hidden': True, 'registered_at': '2020-11-02T23:40:04+09:00', 'last_updated_at': None, 'signed_in_with_facebook': None, 'signed_in_with_twitter': None, 'signed_in_with_google': None, 'signed_in_with_yahoo': None, 'signed_in_with_apple': None, 'user_status': 'publish', 'is_creator': False, 'premium_start_at': None, 'premium_charge_type': None, 'premium_payment_status': None, 'has_ppv_permission': None, 'has_active_email_token': None, 'email': None, 'pending_email': None, 'twitter_screen_name': None, 'hidden_channels': None, 'has_confirmed_email': True, 'is_approved_account': True, 'blacklist_count': None, 'blacklist_limit': None}","{'id': 'sagara_mayu', 'registered_user_id': True, 'openrec_user_id': 3758330, 'recxuser_id': 823666191, 'nickname': '相良茉優のFUN！FAN！FACTORY', 'introduction': '毎週月曜日配信の相良茉優がファンと一緒に楽しいことを作っていく番組です！\n\n番組推奨ハッシュタグ「#さがらFFF」\n是非ハッシュタグを付けて番組や相良茉優について呟いてください！\n\n「Discord」にてサブスク限定コミュニティも運営中！\n以下より連携方法をご確認ください。\nhttps://openrecnext.amebaownd.com/posts/11101764\n\n▼サブスク特典\nA席\n①メンバー限定放送・アーカイブ見放題\n②(入会初月のみ)翌月10日頃にOPENRECポイント300Pt付与\n③お誕生日月にお名前入り写真プレゼント(集合)※Discordにて前月中に申し込みの必要あり\n\nS席\n①メンバー限定放送・アーカイブ見放題\n②S席・SS席限定オフショット写真プレゼント\n③限定サイン入りチェキを抽選でプレゼント\n④(入会初月のみ)翌月10日頃にOPENRECポイント500Pt付与\n⑤お誕生日月にお名前入り写真プレゼント(個別)※Discordにて前月中に申し込みの必要あり\n\nSS席\n①メンバー限定配信・アーカイブ見放題\n②オフショット写真プレゼント\n③限定サイン入りチェキを抽選でプレゼント\n④視聴者参加型企画参加権利(抽選)\n⑤オフショット動画見放題\n⑥S席・SS席限定オフショット\n⑦(入会初月のみ)翌月10日頃にOPENRECポイント800Pt付与\n⑧お誕生日月にお名前をお呼びしたお祝い動画をプレゼント！\n\u3000(※Discordにて前月までに申し込みの必要あり)\n\n■相良茉優プロフィール\n京都府出身。4月17日生まれ。Digital Double所属。\n「アイドルメモリーズ」梶原未来で初めてのメインキャラを演じ、声優として活動を始める。\n2017年「ラブライブ！虹ヶ咲学園スクールアイドル同好会」で中須かすみに抜擢され、\n同作品のスクールアイドルとして現在放送中のアニメやゲーム・ライブで活動中。\n他にも、アプリ「ひぐらしのなく頃に命」(公由一穂)、アプリ「マギアレコード 魔法少女まどか☆マギカ外伝」(広江ちはる)等、多数作品に出演。2020年春に短編映画「時々は、眠れない夜に」に初めて実写での出演を果たした。\n', 'icon_image_url': 'https://hayabusa.io/openrec-image/user/8236662/823666191_202010211143.w90.ttl3600.png?format=png', 'l_icon_image_url': 'https://hayabusa.io/openrec-image/user/8236662/823666191_202010211143.w320.ttl3600.png?format=png', 'cover_image_url': 'https://hayabusa.io/openrec-image/user_background/8236662/823666191_202010211143.w210.ttl3600.png?format=png', 'l_cover_image_url': 'https://dqd0jw5gvbchn.cloudfront.net/user_background/8236662/823666191_202010211143.png', 'follows': 2, 'followers': 3677, 'is_premium': True, 'is_official': True, 'is_fresh': False, 'is_warned': False, 'is_team': False, 'is_league_yell': False, 'is_live': False, 'is_stats_hidden': False, 'live_views': 0, 'is_viewers_hidden': True, 'registered_at': '2020-10-19T20:34:04+09:00', 'last_updated_at': '2021-11-13T20:00:01+09:00', 'signed_in_with_facebook': None, 'signed_in_with_twitter': None, 'signed_in_with_google': None, 'signed_in_with_yahoo': None, 'signed_in_with_apple': None, 'user_status': 'special', 'is_creator': True, 'premium_start_at': None, 'premium_charge_type': None, 'premium_payment_status': None, 'has_ppv_permission': None, 'has_active_email_token': None, 'email': None, 'pending_email': None, 'twitter_screen_name': None, 'hidden_channels': None, 'has_confirmed_email': True, 'is_approved_account': True, 'blacklist_count': None, 'blacklist_limit': None}","{'name_color': '#F75D52', 'is_premium_hidden': False, 'is_official_hidden': False, 'is_subs_badge_hidden': False, 'is_subs_duration_hidden': False}",False,False,False,False,461933983,"[{'id': 1563, 'image_url': 'https://dqd0jw5gvbchn.cloudfront.net/badge/subscription/template/a9c440f7-c013-36a3-4484-3e412f520cc7.png', 'label': 'A席', 'type': 'subscription', 'subscription': {'months': 13, 'tier': 0}}]",299,FES01,https://dqd0jw5gvbchn.cloudfront.net/yell/299/e40290c7cec606f0f867813e7a224bad976e2fac.gif,,,200,160,15,,yuricoJP,True,3806791,833635430,ゆり子･ザ･シーフ!,Twitter：https://twitter.com/YuricoTheFFF,https://hayabusa.io/openrec-image/user/8336355/833635430.w90.ttl3600.v1606727535.png?format=png,https://hayabusa.io/openrec-image/user/8336355/833635430.w320.ttl3600.v1606727535.png?format=png,,,5,0,False,False,False,False,False,False,False,False,0,True,2020-11-02T23:40:04+09:00,,,,,,,publish,False,,,,,,,,,,True,True,,,1o8qe5j1g8k
13,613012,お先に失礼しまーす。遅くまでありがとうございます、休める時にゆっくり休んでくださいね,2021-05-18T03:55:24+09:00,channel,"{'id': 21, 'name': '240', 'image_url': 'https://dqd0jw5gvbchn.cloudfront.net/yell/21/4672e33ca0c66f2e0f74e7cbc210b4389b2a1ed6.png', 'image_url_small': '', 'animation_url': '', 'points': 300, 'yells': 240, 'ticker_seconds': 15, 'channel': None}","{'id': 'L_Lpmam', 'registered_user_id': True, 'openrec_user_id': 3853916, 'recxuser_id': 155668770, 'nickname': 'ぴまむ', 'introduction': '', 'icon_image_url': 'https://hayabusa.io/openrec-image/user/1556688/155668770.w90.ttl3600.v1606130054.png?format=png', 'l_icon_image_url': 'https://hayabusa.io/openrec-image/user/1556688/155668770.w320.ttl3600.v1606130054.png?format=png', 'cover_image_url': '', 'l_cover_image_url': '', 'follows': 1, 'followers': 0, 'is_premium': False, 'is_official': False, 'is_fresh': False, 'is_warned': False, 'is_team': False, 'is_league_yell': False, 'is_live': False, 'is_stats_hidden': False, 'live_views': 0, 'is_viewers_hidden': True, 'registered_at': '2020-11-23T20:14:13+09:00', 'last_updated_at': None, 'signed_in_with_facebook': None, 'signed_in_with_twitter': None, 'signed_in_with_google': None, 'signed_in_with_yahoo': None, 'signed_in_with_apple': None, 'user_status': 'bang', 'is_creator': False, 'premium_start_at': None, 'premium_charge_type': None, 'premium_payment_status': None, 'has_ppv_permission': None, 'has_active_email_token': None, 'email': None, 'pending_email': None, 'twitter_screen_name': None, 'hidden_channels': None, 'has_confirmed_email': True, 'is_approved_account': True, 'blacklist_count': None, 'blacklist_limit': None}","{'id': 'sagara_mayu', 'registered_user_id': True, 'openrec_user_id': 3758330, 'recxuser_id': 823666191, 'nickname': '相良茉優のFUN！FAN！FACTORY', 'introduction': '毎週月曜日配信の相良茉優がファンと一緒に楽しいことを作っていく番組です！\n\n番組推奨ハッシュタグ「#さがらFFF」\n是非ハッシュタグを付けて番組や相良茉優について呟いてください！\n\n「Discord」にてサブスク限定コミュニティも運営中！\n以下より連携方法をご確認ください。\nhttps://openrecnext.amebaownd.com/posts/11101764\n\n▼サブスク特典\nA席\n①メンバー限定放送・アーカイブ見放題\n②(入会初月のみ)翌月10日頃にOPENRECポイント300Pt付与\n③お誕生日月にお名前入り写真プレゼント(集合)※Discordにて前月中に申し込みの必要あり\n\nS席\n①メンバー限定放送・アーカイブ見放題\n②S席・SS席限定オフショット写真プレゼント\n③限定サイン入りチェキを抽選でプレゼント\n④(入会初月のみ)翌月10日頃にOPENRECポイント500Pt付与\n⑤お誕生日月にお名前入り写真プレゼント(個別)※Discordにて前月中に申し込みの必要あり\n\nSS席\n①メンバー限定配信・アーカイブ見放題\n②オフショット写真プレゼント\n③限定サイン入りチェキを抽選でプレゼント\n④視聴者参加型企画参加権利(抽選)\n⑤オフショット動画見放題\n⑥S席・SS席限定オフショット\n⑦(入会初月のみ)翌月10日頃にOPENRECポイント800Pt付与\n⑧お誕生日月にお名前をお呼びしたお祝い動画をプレゼント！\n\u3000(※Discordにて前月までに申し込みの必要あり)\n\n■相良茉優プロフィール\n京都府出身。4月17日生まれ。Digital Double所属。\n「アイドルメモリーズ」梶原未来で初めてのメインキャラを演じ、声優として活動を始める。\n2017年「ラブライブ！虹ヶ咲学園スクールアイドル同好会」で中須かすみに抜擢され、\n同作品のスクールアイドルとして現在放送中のアニメやゲーム・ライブで活動中。\n他にも、アプリ「ひぐらしのなく頃に命」(公由一穂)、アプリ「マギアレコード 魔法少女まどか☆マギカ外伝」(広江ちはる)等、多数作品に出演。2020年春に短編映画「時々は、眠れない夜に」に初めて実写での出演を果たした。\n', 'icon_image_url': 'https://hayabusa.io/openrec-image/user/8236662/823666191_202010211143.w90.ttl3600.png?format=png', 'l_icon_image_url': 'https://hayabusa.io/openrec-image/user/8236662/823666191_202010211143.w320.ttl3600.png?format=png', 'cover_image_url': 'https://hayabusa.io/openrec-image/user_background/8236662/823666191_202010211143.w210.ttl3600.png?format=png', 'l_cover_image_url': 'https://dqd0jw5gvbchn.cloudfront.net/user_background/8236662/823666191_202010211143.png', 'follows': 2, 'followers': 3677, 'is_premium': True, 'is_official': True, 'is_fresh': False, 'is_warned': False, 'is_team': False, 'is_league_yell': False, 'is_live': False, 'is_stats_hidden': False, 'live_views': 0, 'is_viewers_hidden': True, 'registered_at': '2020-10-19T20:34:04+09:00', 'last_updated_at': '2021-11-13T20:00:01+09:00', 'signed_in_with_facebook': None, 'signed_in_with_twitter': None, 'signed_in_with_google': None, 'signed_in_with_yahoo': None, 'signed_in_with_apple': None, 'user_status': 'special', 'is_creator': True, 'premium_start_at': None, 'premium_charge_type': None, 'premium_payment_status': None, 'has_ppv_permission': None, 'has_active_email_token': None, 'email': None, 'pending_email': None, 'twitter_screen_name': None, 'hidden_channels': None, 'has_confirmed_email': True, 'is_approved_account': True, 'blacklist_count': None, 'blacklist_limit': None}","{'name_color': '#F75D52', 'is_premium_hidden': False, 'is_official_hidden': False, 'is_subs_badge_hidden': False, 'is_subs_duration_hidden': False}",False,False,False,False,461933395,"[{'id': 1574, 'image_url': 'https://dqd0jw5gvbchn.cloudfront.net/badge/subscription/template/a9c440f7-c013-36a3-4484-3e412f520cc7.png', 'label': 'SS席', 'type': 'subscription', 'subscription': {'months': 9, 'tier': 2}}]",21,240,https://dqd0jw5gvbchn.cloudfront.net/yell/21/4672e33ca0c66f2e0f74e7cbc210b4389b2a1ed6.png,,,300,240,15,,L_Lpmam,True,3853916,155668770,ぴまむ,,https://hayabusa.io/openrec-image/user/1556688/155668770.w90.ttl3600.v1606130054.png?format=png,https://hayabusa.io/openrec-image/user/1556688/155668770.w320.ttl3600.v1606130054.png?format=png,,,1,0,False,False,False,False,False,False,False,False,0,True,2020-11-23T20:14:13+09:00,,,,,,,bang,False,,,,,,,,,,True,True,,,1o8qe5j1g8k
14,613002,電気消して寝落ちします。作業頑張ってください！,2021-05-18T03:36:07+09:00,channel,"{'id': 21, 'name': '240', 'image_url': 'https://dqd0jw5gvbchn.cloudfront.net/yell/21/4672e33ca0c66f2e0f74e7cbc210b4389b2a1ed6.png', 'image_url_small': '', 'animation_url': '', 'points': 300, 'yells': 240, 'ticker_seconds': 15, 'channel': None}","{'id': 'hirone583', 'registered_user_id': True, 'openrec_user_id': 3789341, 'recxuser_id': 832344197, 'nickname': 'ひろね', 'introduction': 'ひろねさんだよー', 'icon_image_url': '', 'l_icon_image_url': '', 'cover_image_url': '', 'l_cover_image_url': '', 'follows': 2, 'followers': 0, 'is_premium': False, 'is_official': False, 'is_fresh': False, 'is_warned': False, 'is_team': False, 'is_league_yell': False, 'is_live': False, 'is_stats_hidden': False, 'live_views': 0, 'is_viewers_hidden': True, 'registered_at': '2020-11-01T11:03:41+09:00', 'last_updated_at': None, 'signed_in_with_facebook': None, 'signed_in_with_twitter': None, 'signed_in_with_google': None, 'signed_in_with_yahoo': None, 'signed_in_with_apple': None, 'user_status': 'bang', 'is_creator': False, 'premium_start_at': None, 'premium_charge_type': None, 'premium_payment_status': None, 'has_ppv_permission': None, 'has_active_email_token': None, 'email': None, 'pending_email': None, 'twitter_screen_name': None, 'hidden_channels': None, 'has_confirmed_email': True, 'is_approved_account': True, 'blacklist_count': None, 'blacklist_limit': None}","{'id': 'sagara_mayu', 'registered_user_id': True, 'openrec_user_id': 3758330, 'recxuser_id': 823666191, 'nickname': '相良茉優のFUN！FAN！FACTORY', 'introduction': '毎週月曜日配信の相良茉優がファンと一緒に楽しいことを作っていく番組です！\n\n番組推奨ハッシュタグ「#さがらFFF」\n是非ハッシュタグを付けて番組や相良茉優について呟いてください！\n\n「Discord」にてサブスク限定コミュニティも運営中！\n以下より連携方法をご確認ください。\nhttps://openrecnext.amebaownd.com/posts/11101764\n\n▼サブスク特典\nA席\n①メンバー限定放送・アーカイブ見放題\n②(入会初月のみ)翌月10日頃にOPENRECポイント300Pt付与\n③お誕生日月にお名前入り写真プレゼント(集合)※Discordにて前月中に申し込みの必要あり\n\nS席\n①メンバー限定放送・アーカイブ見放題\n②S席・SS席限定オフショット写真プレゼント\n③限定サイン入りチェキを抽選でプレゼント\n④(入会初月のみ)翌月10日頃にOPENRECポイント500Pt付与\n⑤お誕生日月にお名前入り写真プレゼント(個別)※Discordにて前月中に申し込みの必要あり\n\nSS席\n①メンバー限定配信・アーカイブ見放題\n②オフショット写真プレゼント\n③限定サイン入りチェキを抽選でプレゼント\n④視聴者参加型企画参加権利(抽選)\n⑤オフショット動画見放題\n⑥S席・SS席限定オフショット\n⑦(入会初月のみ)翌月10日頃にOPENRECポイント800Pt付与\n⑧お誕生日月にお名前をお呼びしたお祝い動画をプレゼント！\n\u3000(※Discordにて前月までに申し込みの必要あり)\n\n■相良茉優プロフィール\n京都府出身。4月17日生まれ。Digital Double所属。\n「アイドルメモリーズ」梶原未来で初めてのメインキャラを演じ、声優として活動を始める。\n2017年「ラブライブ！虹ヶ咲学園スクールアイドル同好会」で中須かすみに抜擢され、\n同作品のスクールアイドルとして現在放送中のアニメやゲーム・ライブで活動中。\n他にも、アプリ「ひぐらしのなく頃に命」(公由一穂)、アプリ「マギアレコード 魔法少女まどか☆マギカ外伝」(広江ちはる)等、多数作品に出演。2020年春に短編映画「時々は、眠れない夜に」に初めて実写での出演を果たした。\n', 'icon_image_url': 'https://hayabusa.io/openrec-image/user/8236662/823666191_202010211143.w90.ttl3600.png?format=png', 'l_icon_image_url': 'https://hayabusa.io/openrec-image/user/8236662/823666191_202010211143.w320.ttl3600.png?format=png', 'cover_image_url': 'https://hayabusa.io/openrec-image/user_background/8236662/823666191_202010211143.w210.ttl3600.png?format=png', 'l_cover_image_url': 'https://dqd0jw5gvbchn.cloudfront.net/user_background/8236662/823666191_202010211143.png', 'follows': 2, 'followers': 3677, 'is_premium': True, 'is_official': True, 'is_fresh': False, 'is_warned': False, 'is_team': False, 'is_league_yell': False, 'is_live': False, 'is_stats_hidden': False, 'live_views': 0, 'is_viewers_hidden': True, 'registered_at': '2020-10-19T20:34:04+09:00', 'last_updated_at': '2021-11-13T20:00:01+09:00', 'signed_in_with_facebook': None, 'signed_in_with_twitter': None, 'signed_in_with_google': None, 'signed_in_with_yahoo': None, 'signed_in_with_apple': None, 'user_status': 'special', 'is_creator': True, 'premium_start_at': None, 'premium_charge_type': None, 'premium_payment_status': None, 'has_ppv_permission': None, 'has_active_email_token': None, 'email': None, 'pending_email': None, 'twitter_screen_name': None, 'hidden_channels': None, 'has_confirmed_email': True, 'is_approved_account': True, 'blacklist_count': None, 'blacklist_limit': None}","{'name_color': '#B6FF59', 'is_premium_hidden': False, 'is_official_hidden': False, 'is_subs_badge_hidden': False, 'is_subs_duration_hidden': False}",False,False,False,False,461931090,"[{'id': 1574, 'image_url': 'https://dqd0jw5gvbchn.cloudfront.net/badge/subscription/template/a9c440f7-c013-36a3-4484-3e412f520cc7.png', 'label': 'SS席', 'type': 'subscription', 'subscription': {'months': 13, 'tier': 2}}]",21,240,https://dqd0jw5gvbchn.cloudfront.net/yell/21/4672e33ca0c66f2e0f74e7cbc210b4389b2a1ed6.png,,,300,240,15,,hirone583,True,3789341,832344197,ひろね,ひろねさんだよー,,,,,2,0,False,False,False,False,False,False,False,False,0,True,2020-11-01T11:03:41+09:00,,,,,,,bang,False,,,,,,,,,,True,True,,,1o8qe5j1g8k
15,612997,寝ます、梱包ありがとうございます,2021-05-18T03:29:50+09:00,channel,"{'id': 299, 'name': 'FES01', 'image_url': 'https://dqd0jw5gvbchn.cloudfront.net/yell/299/e40290c7cec606f0f867813e7a224bad976e2fac.gif', 'image_url_small': '', 'animation_url': '', 'points': 200, 'yells': 160, 'ticker_seconds': 15, 'channel': None}","{'id': 'minatk0824', 'registered_user_id': True, 'openrec_user_id': 3805633, 'recxuser_id': 833505483, 'nickname': 'みなちみな', 'introduction': None, 'icon_image_url': '', 'l_icon_image_url': '', 'cover_image_url': '', 'l_cover_image_url': '', 'follows': 4, 'followers': 0, 'is_premium': False, 'is_official': False, 'is_fresh': False, 'is_warned': False, 'is_team': False, 'is_league_yell': False, 'is_live': False, 'is_stats_hidden': False, 'live_views': 0, 'is_viewers_hidden': True, 'registered_at': '2020-11-02T18:16:56+09:00', 'last_updated_at': None, 'signed_in_with_facebook': None, 'signed_in_with_twitter': None, 'signed_in_with_google': None, 'signed_in_with_yahoo': None, 'signed_in_with_apple': None, 'user_status': 'bang', 'is_creator': False, 'premium_start_at': None, 'premium_charge_type': None, 'premium_payment_status': None, 'has_ppv_permission': None, 'has_active_email_token': None, 'email': None, 'pending_email': None, 'twitter_screen_name': None, 'hidden_channels': None, 'has_confirmed_email': True, 'is_approved_account': True, 'blacklist_count': None, 'blacklist_limit': None}","{'id': 'sagara_mayu', 'registered_user_id': True, 'openrec_user_id': 3758330, 'recxuser_id': 823666191, 'nickname': '相良茉優のFUN！FAN！FACTORY', 'introduction': '毎週月曜日配信の相良茉優がファンと一緒に楽しいことを作っていく番組です！\n\n番組推奨ハッシュタグ「#さがらFFF」\n是非ハッシュタグを付けて番組や相良茉優について呟いてください！\n\n「Discord」にてサブスク限定コミュニティも運営中！\n以下より連携方法をご確認ください。\nhttps://openrecnext.amebaownd.com/posts/11101764\n\n▼サブスク特典\nA席\n①メンバー限定放送・アーカイブ見放題\n②(入会初月のみ)翌月10日頃にOPENRECポイント300Pt付与\n③お誕生日月にお名前入り写真プレゼント(集合)※Discordにて前月中に申し込みの必要あり\n\nS席\n①メンバー限定放送・アーカイブ見放題\n②S席・SS席限定オフショット写真プレゼント\n③限定サイン入りチェキを抽選でプレゼント\n④(入会初月のみ)翌月10日頃にOPENRECポイント500Pt付与\n⑤お誕生日月にお名前入り写真プレゼント(個別)※Discordにて前月中に申し込みの必要あり\n\nSS席\n①メンバー限定配信・アーカイブ見放題\n②オフショット写真プレゼント\n③限定サイン入りチェキを抽選でプレゼント\n④視聴者参加型企画参加権利(抽選)\n⑤オフショット動画見放題\n⑥S席・SS席限定オフショット\n⑦(入会初月のみ)翌月10日頃にOPENRECポイント800Pt付与\n⑧お誕生日月にお名前をお呼びしたお祝い動画をプレゼント！\n\u3000(※Discordにて前月までに申し込みの必要あり)\n\n■相良茉優プロフィール\n京都府出身。4月17日生まれ。Digital Double所属。\n「アイドルメモリーズ」梶原未来で初めてのメインキャラを演じ、声優として活動を始める。\n2017年「ラブライブ！虹ヶ咲学園スクールアイドル同好会」で中須かすみに抜擢され、\n同作品のスクールアイドルとして現在放送中のアニメやゲーム・ライブで活動中。\n他にも、アプリ「ひぐらしのなく頃に命」(公由一穂)、アプリ「マギアレコード 魔法少女まどか☆マギカ外伝」(広江ちはる)等、多数作品に出演。2020年春に短編映画「時々は、眠れない夜に」に初めて実写での出演を果たした。\n', 'icon_image_url': 'https://hayabusa.io/openrec-image/user/8236662/823666191_202010211143.w90.ttl3600.png?format=png', 'l_icon_image_url': 'https://hayabusa.io/openrec-image/user/8236662/823666191_202010211143.w320.ttl3600.png?format=png', 'cover_image_url': 'https://hayabusa.io/openrec-image/user_background/8236662/823666191_202010211143.w210.ttl3600.png?format=png', 'l_cover_image_url': 'https://dqd0jw5gvbchn.cloudfront.net/user_background/8236662/823666191_202010211143.png', 'follows': 2, 'followers': 3677, 'is_premium': True, 'is_official': True, 'is_fresh': False, 'is_warned': False, 'is_team': False, 'is_league_yell': False, 'is_live': False, 'is_stats_hidden': False, 'live_views': 0, 'is_viewers_hidden': True, 'registered_at': '2020-10-19T20:34:04+09:00', 'last_updated_at': '2021-11-13T20:00:01+09:00', 'signed_in_with_facebook': None, 'signed_in_with_twitter': None, 'signed_in_with_google': None, 'signed_in_with_yahoo': None, 'signed_in_with_apple': None, 'user_status': 'special', 'is_creator': True, 'premium_start_at': None, 'premium_charge_type': None, 'premium_payment_status': None, 'has_ppv_permission': None, 'has_active_email_token': None, 'email': None, 'pending_email': None, 'twitter_screen_name': None, 'hidden_channels': None, 'has_confirmed_email': True, 'is_approved_account': True, 'blacklist_count': None, 'blacklist_limit': None}","{'name_color': '#94FF0D', 'is_premium_hidden': False, 'is_official_hidden': False, 'is_subs_badge_hidden': False, 'is_subs_duration_hidden': False}",False,False,False,False,461930175,"[{'id': 1574, 'image_url': 'https://dqd0jw5gvbchn.cloudfront.net/badge/subscription/template/a9c440f7-c013-36a3-4484-3e412f520cc7.png', 'label': 'SS席', 'type': 'subscription', 'subscription': {'months': 13, 'tier': 2}}]",299,FES01,https://dqd0jw5gvbchn.cloudfront.net/yell/299/e40290c7cec606f0f867813e7a224bad976e2fac.gif,,,200,160,15,,minatk0824,True,3805633,833505483,みなちみな,,,,,,4,0,False,False,False,False,False,False,False,False,0,True,2020-11-02T18:16:56+09:00,,,,,,,bang,False,,,,,,,,,,True,True,,,1o8qe5j1g8k
16,612990,お先に寝ます。アーカイブで見ますね。梱包がんばってください。,2021-05-18T03:18:29+09:00,channel,"{'id': 299, 'name': 'FES01', 'image_url': 'https://dqd0jw5gvbchn.cloudfront.net/yell/299/e40290c7cec606f0f867813e7a224bad976e2fac.gif', 'image_url_small': '', 'animation_url': '', 'points': 200, 'yells': 160, 'ticker_seconds': 15, 'channel': None}","{'id': 'risu3', 'registered_user_id': True, 'openrec_user_id': 3853872, 'recxuser_id': 848079388, 'nickname': 'りす', 'introduction': '', 'icon_image_url': 'https://hayabusa.io/openrec-image/user/8480794/848079388.w90.ttl3600.v1610217097.png?format=png', 'l_icon_image_url': 'https://hayabusa.io/openrec-image/user/8480794/848079388.w320.ttl3600.v1610217097.png?format=png', 'cover_image_url': '', 'l_cover_image_url': '', 'follows': 1, 'followers': 0, 'is_premium': False, 'is_official': False, 'is_fresh': False, 'is_warned': False, 'is_team': False, 'is_league_yell': False, 'is_live': False, 'is_stats_hidden': False, 'live_views': 0, 'is_viewers_hidden': True, 'registered_at': '2020-11-23T20:02:25+09:00', 'last_updated_at': None, 'signed_in_with_facebook': None, 'signed_in_with_twitter': None, 'signed_in_with_google': None, 'signed_in_with_yahoo': None, 'signed_in_with_apple': None, 'user_status': 'bang', 'is_creator': False, 'premium_start_at': None, 'premium_charge_type': None, 'premium_payment_status': None, 'has_ppv_permission': None, 'has_active_email_token': None, 'email': None, 'pending_email': None, 'twitter_screen_name': None, 'hidden_channels': None, 'has_confirmed_email': True, 'is_approved_account': True, 'blacklist_count': None, 'blacklist_limit': None}","{'id': 'sagara_mayu', 'registered_user_id': True, 'openrec_user_id': 3758330, 'recxuser_id': 823666191, 'nickname': '相良茉優のFUN！FAN！FACTORY', 'introduction': '毎週月曜日配信の相良茉優がファンと一緒に楽しいことを作っていく番組です！\n\n番組推奨ハッシュタグ「#さがらFFF」\n是非ハッシュタグを付けて番組や相良茉優について呟いてください！\n\n「Discord」にてサブスク限定コミュニティも運営中！\n以下より連携方法をご確認ください。\nhttps://openrecnext.amebaownd.com/posts/11101764\n\n▼サブスク特典\nA席\n①メンバー限定放送・アーカイブ見放題\n②(入会初月のみ)翌月10日頃にOPENRECポイント300Pt付与\n③お誕生日月にお名前入り写真プレゼント(集合)※Discordにて前月中に申し込みの必要あり\n\nS席\n①メンバー限定放送・アーカイブ見放題\n②S席・SS席限定オフショット写真プレゼント\n③限定サイン入りチェキを抽選でプレゼント\n④(入会初月のみ)翌月10日頃にOPENRECポイント500Pt付与\n⑤お誕生日月にお名前入り写真プレゼント(個別)※Discordにて前月中に申し込みの必要あり\n\nSS席\n①メンバー限定配信・アーカイブ見放題\n②オフショット写真プレゼント\n③限定サイン入りチェキを抽選でプレゼント\n④視聴者参加型企画参加権利(抽選)\n⑤オフショット動画見放題\n⑥S席・SS席限定オフショット\n⑦(入会初月のみ)翌月10日頃にOPENRECポイント800Pt付与\n⑧お誕生日月にお名前をお呼びしたお祝い動画をプレゼント！\n\u3000(※Discordにて前月までに申し込みの必要あり)\n\n■相良茉優プロフィール\n京都府出身。4月17日生まれ。Digital Double所属。\n「アイドルメモリーズ」梶原未来で初めてのメインキャラを演じ、声優として活動を始める。\n2017年「ラブライブ！虹ヶ咲学園スクールアイドル同好会」で中須かすみに抜擢され、\n同作品のスクールアイドルとして現在放送中のアニメやゲーム・ライブで活動中。\n他にも、アプリ「ひぐらしのなく頃に命」(公由一穂)、アプリ「マギアレコード 魔法少女まどか☆マギカ外伝」(広江ちはる)等、多数作品に出演。2020年春に短編映画「時々は、眠れない夜に」に初めて実写での出演を果たした。\n', 'icon_image_url': 'https://hayabusa.io/openrec-image/user/8236662/823666191_202010211143.w90.ttl3600.png?format=png', 'l_icon_image_url': 'https://hayabusa.io/openrec-image/user/8236662/823666191_202010211143.w320.ttl3600.png?format=png', 'cover_image_url': 'https://hayabusa.io/openrec-image/user_background/8236662/823666191_202010211143.w210.ttl3600.png?format=png', 'l_cover_image_url': 'https://dqd0jw5gvbchn.cloudfront.net/user_background/8236662/823666191_202010211143.png', 'follows': 2, 'followers': 3677, 'is_premium': True, 'is_official': True, 'is_fresh': False, 'is_warned': False, 'is_team': False, 'is_league_yell': False, 'is_live': False, 'is_stats_hidden': False, 'live_views': 0, 'is_viewers_hidden': True, 'registered_at': '2020-10-19T20:34:04+09:00', 'last_updated_at': '2021-11-13T20:00:01+09:00', 'signed_in_with_facebook': None, 'signed_in_with_twitter': None, 'signed_in_with_google': None, 'signed_in_with_yahoo': None, 'signed_in_with_apple': None, 'user_status': 'special', 'is_creator': True, 'premium_start_at': None, 'premium_charge_type': None, 'premium_payment_status': None, 'has_ppv_permission': None, 'has_active_email_token': None, 'email': None, 'pending_email': None, 'twitter_screen_name': None, 'hidden_channels': None, 'has_confirmed_email': True, 'is_approved_account': True, 'blacklist_count': None, 'blacklist_limit': None}","{'name_color': '#4DF77A', 'is_premium_hidden': False, 'is_official_hidden': False, 'is_subs_badge_hidden': False, 'is_subs_duration_hidden': False}",False,False,False,False,461928541,"[{'id': 1574, 'image_url': 'https://dqd0jw5gvbchn.cloudfront.net/badge/subscription/template/a9c440f7-c013-36a3-4484-3e412f520cc7.png', 'label': 'SS席', 'type': 'subscription', 'subscription': {'months': 11, 'tier': 2}}]",299,FES01,https://dqd0jw5gvbchn.cloudfront.net/yell/299/e40290c7cec606f0f867813e7a224bad976e2fac.gif,,,200,160,15,,risu3,True,3853872,848079388,りす,,https://hayabusa.io/openrec-image/user/8480794/848079388.w90.ttl3600.v1610217097.png?format=png,https://hayabusa.io/openrec-image/user/8480794/848079388.w320.ttl3600.v1610217097.png?format=png,,,1,0,False,False,False,False,False,False,False,False,0,True,2020-11-23T20:02:25+09:00,,,,,,,bang,False,,,,,,,,,,True,True,,,1o8qe5j1g8k
17,612987,そろそろ寝ます。本日は本当にありがとうございました！お疲れ様でした,2021-05-18T03:16:44+09:00,channel,"{'id': 300, 'name': 'FES02', 'image_url': 'https://dqd0jw5gvbchn.cloudfront.net/yell/300/59aff2cb78428e04874c99ce75121618cdcfe1ad.gif', 'image_url_small': '', 'animation_url': '', 'points': 500, 'yells': 400, 'ticker_seconds': 15, 'channel': None}","{'id': 'webhan', 'registered_user_id': True, 'openrec_user_id': 3760832, 'recxuser_id': 824997996, 'nickname': 'うぇぶ', 'introduction': None, 'icon_image_url': '', 'l_icon_image_url': '', 'cover_image_url': '', 'l_cover_image_url': '', 'follows': 5, 'followers': 1, 'is_premium': False, 'is_official': False, 'is_fresh': False, 'is_warned': False, 'is_team': False, 'is_league_yell': False, 'is_live': False, 'is_stats_hidden': False, 'live_views': 0, 'is_viewers_hidden': True, 'registered_at': '2020-10-21T19:20:09+09:00', 'last_updated_at': None, 'signed_in_with_facebook': None, 'signed_in_with_twitter': None, 'signed_in_with_google': None, 'signed_in_with_yahoo': None, 'signed_in_with_apple': None, 'user_status': 'bang', 'is_creator': False, 'premium_start_at': None, 'premium_charge_type': None, 'premium_payment_status': None, 'has_ppv_permission': None, 'has_active_email_token': None, 'email': None, 'pending_email': None, 'twitter_screen_name': None, 'hidden_channels': None, 'has_confirmed_email': True, 'is_approved_account': True, 'blacklist_count': None, 'blacklist_limit': None}","{'id': 'sagara_mayu', 'registered_user_id': True, 'openrec_user_id': 3758330, 'recxuser_id': 823666191, 'nickname': '相良茉優のFUN！FAN！FACTORY', 'introduction': '毎週月曜日配信の相良茉優がファンと一緒に楽しいことを作っていく番組です！\n\n番組推奨ハッシュタグ「#さがらFFF」\n是非ハッシュタグを付けて番組や相良茉優について呟いてください！\n\n「Discord」にてサブスク限定コミュニティも運営中！\n以下より連携方法をご確認ください。\nhttps://openrecnext.amebaownd.com/posts/11101764\n\n▼サブスク特典\nA席\n①メンバー限定放送・アーカイブ見放題\n②(入会初月のみ)翌月10日頃にOPENRECポイント300Pt付与\n③お誕生日月にお名前入り写真プレゼント(集合)※Discordにて前月中に申し込みの必要あり\n\nS席\n①メンバー限定放送・アーカイブ見放題\n②S席・SS席限定オフショット写真プレゼント\n③限定サイン入りチェキを抽選でプレゼント\n④(入会初月のみ)翌月10日頃にOPENRECポイント500Pt付与\n⑤お誕生日月にお名前入り写真プレゼント(個別)※Discordにて前月中に申し込みの必要あり\n\nSS席\n①メンバー限定配信・アーカイブ見放題\n②オフショット写真プレゼント\n③限定サイン入りチェキを抽選でプレゼント\n④視聴者参加型企画参加権利(抽選)\n⑤オフショット動画見放題\n⑥S席・SS席限定オフショット\n⑦(入会初月のみ)翌月10日頃にOPENRECポイント800Pt付与\n⑧お誕生日月にお名前をお呼びしたお祝い動画をプレゼント！\n\u3000(※Discordにて前月までに申し込みの必要あり)\n\n■相良茉優プロフィール\n京都府出身。4月17日生まれ。Digital Double所属。\n「アイドルメモリーズ」梶原未来で初めてのメインキャラを演じ、声優として活動を始める。\n2017年「ラブライブ！虹ヶ咲学園スクールアイドル同好会」で中須かすみに抜擢され、\n同作品のスクールアイドルとして現在放送中のアニメやゲーム・ライブで活動中。\n他にも、アプリ「ひぐらしのなく頃に命」(公由一穂)、アプリ「マギアレコード 魔法少女まどか☆マギカ外伝」(広江ちはる)等、多数作品に出演。2020年春に短編映画「時々は、眠れない夜に」に初めて実写での出演を果たした。\n', 'icon_image_url': 'https://hayabusa.io/openrec-image/user/8236662/823666191_202010211143.w90.ttl3600.png?format=png', 'l_icon_image_url': 'https://hayabusa.io/openrec-image/user/8236662/823666191_202010211143.w320.ttl3600.png?format=png', 'cover_image_url': 'https://hayabusa.io/openrec-image/user_background/8236662/823666191_202010211143.w210.ttl3600.png?format=png', 'l_cover_image_url': 'https://dqd0jw5gvbchn.cloudfront.net/user_background/8236662/823666191_202010211143.png', 'follows': 2, 'followers': 3677, 'is_premium': True, 'is_official': True, 'is_fresh': False, 'is_warned': False, 'is_team': False, 'is_league_yell': False, 'is_live': False, 'is_stats_hidden': False, 'live_views': 0, 'is_viewers_hidden': True, 'registered_at': '2020-10-19T20:34:04+09:00', 'last_updated_at': '2021-11-13T20:00:01+09:00', 'signed_in_with_facebook': None, 'signed_in_with_twitter': None, 'signed_in_with_google': None, 'signed_in_with_yahoo': None, 'signed_in_with_apple': None, 'user_status': 'special', 'is_creator': True, 'premium_start_at': None, 'premium_charge_type': None, 'premium_payment_status': None, 'has_ppv_permission': None, 'has_active_email_token': None, 'email': None, 'pending_email': None, 'twitter_screen_name': None, 'hidden_channels': None, 'has_confirmed_email': True, 'is_approved_account': True, 'blacklist_count': None, 'blacklist_limit': None}","{'name_color': '#FB7642', 'is_premium_hidden': False, 'is_official_hidden': False, 'is_subs_badge_hidden': False, 'is_subs_duration_hidden': False}",False,False,False,False,461928250,"[{'id': 1574, 'image_url': 'https://dqd0jw5gvbchn.cloudfront.net/badge/subscription/template/a9c440f7-c013-36a3-4484-3e412f520cc7.png', 'label': 'SS席', 'type': 'subscription', 'subscription': {'months': 13, 'tier': 2}}]",300,FES02,https://dqd0jw5gvbchn.cloudfront.net/yell/300/59aff2cb78428e04874c99ce75121618cdcfe1ad.gif,,,500,400,15,,webhan,True,3760832,824997996,うぇぶ,,,,,,5,1,False,False,False,False,False,False,False,False,0,True,2020-10-21T19:20:09+09:00,,,,,,,bang,False,,,,,,,,,,True,True,,,1o8qe5j1g8k
18,612981,すみません寝ます,2021-05-18T03:02:51+09:00,channel,"{'id': 24, 'name': '2400', 'image_url': 'https://dqd0jw5gvbchn.cloudfront.net/yell/24/a0dbf1fdc589aa12532afe1801d42d44f07bbb0c.gif', 'image_url_small': '', 'animation_url': '', 'points': 3000, 'yells': 2400, 'ticker_seconds': 45, 'channel': None}","{'id': 'aki_313_east', 'registered_user_id': True, 'openrec_user_id': 3822043, 'recxuser_id': 838459486, 'nickname': 'aki@諜報員', 'introduction': '', 'icon_image_url': 'https://hayabusa.io/openrec-image/user/8384595/838459486.w90.ttl3600.v1607338715.png?format=png', 'l_icon_image_url': 'https://hayabusa.io/openrec-image/user/8384595/838459486.w320.ttl3600.v1607338715.png?format=png', 'cover_image_url': '', 'l_cover_image_url': '', 'follows': 4, 'followers': 1, 'is_premium': False, 'is_official': False, 'is_fresh': False, 'is_warned': False, 'is_team': False, 'is_league_yell': False, 'is_live': False, 'is_stats_hidden': False, 'live_views': 0, 'is_viewers_hidden': True, 'registered_at': '2020-11-09T19:42:19+09:00', 'last_updated_at': None, 'signed_in_with_facebook': None, 'signed_in_with_twitter': None, 'signed_in_with_google': None, 'signed_in_with_yahoo': None, 'signed_in_with_apple': None, 'user_status': 'bang', 'is_creator': False, 'premium_start_at': None, 'premium_charge_type': None, 'premium_payment_status': None, 'has_ppv_permission': None, 'has_active_email_token': None, 'email': None, 'pending_email': None, 'twitter_screen_name': None, 'hidden_channels': None, 'has_confirmed_email': True, 'is_approved_account': True, 'blacklist_count': None, 'blacklist_limit': None}","{'id': 'sagara_mayu', 'registered_user_id': True, 'openrec_user_id': 3758330, 'recxuser_id': 823666191, 'nickname': '相良茉優のFUN！FAN！FACTORY', 'introduction': '毎週月曜日配信の相良茉優がファンと一緒に楽しいことを作っていく番組です！\n\n番組推奨ハッシュタグ「#さがらFFF」\n是非ハッシュタグを付けて番組や相良茉優について呟いてください！\n\n「Discord」にてサブスク限定コミュニティも運営中！\n以下より連携方法をご確認ください。\nhttps://openrecnext.amebaownd.com/posts/11101764\n\n▼サブスク特典\nA席\n①メンバー限定放送・アーカイブ見放題\n②(入会初月のみ)翌月10日頃にOPENRECポイント300Pt付与\n③お誕生日月にお名前入り写真プレゼント(集合)※Discordにて前月中に申し込みの必要あり\n\nS席\n①メンバー限定放送・アーカイブ見放題\n②S席・SS席限定オフショット写真プレゼント\n③限定サイン入りチェキを抽選でプレゼント\n④(入会初月のみ)翌月10日頃にOPENRECポイント500Pt付与\n⑤お誕生日月にお名前入り写真プレゼント(個別)※Discordにて前月中に申し込みの必要あり\n\nSS席\n①メンバー限定配信・アーカイブ見放題\n②オフショット写真プレゼント\n③限定サイン入りチェキを抽選でプレゼント\n④視聴者参加型企画参加権利(抽選)\n⑤オフショット動画見放題\n⑥S席・SS席限定オフショット\n⑦(入会初月のみ)翌月10日頃にOPENRECポイント800Pt付与\n⑧お誕生日月にお名前をお呼びしたお祝い動画をプレゼント！\n\u3000(※Discordにて前月までに申し込みの必要あり)\n\n■相良茉優プロフィール\n京都府出身。4月17日生まれ。Digital Double所属。\n「アイドルメモリーズ」梶原未来で初めてのメインキャラを演じ、声優として活動を始める。\n2017年「ラブライブ！虹ヶ咲学園スクールアイドル同好会」で中須かすみに抜擢され、\n同作品のスクールアイドルとして現在放送中のアニメやゲーム・ライブで活動中。\n他にも、アプリ「ひぐらしのなく頃に命」(公由一穂)、アプリ「マギアレコード 魔法少女まどか☆マギカ外伝」(広江ちはる)等、多数作品に出演。2020年春に短編映画「時々は、眠れない夜に」に初めて実写での出演を果たした。\n', 'icon_image_url': 'https://hayabusa.io/openrec-image/user/8236662/823666191_202010211143.w90.ttl3600.png?format=png', 'l_icon_image_url': 'https://hayabusa.io/openrec-image/user/8236662/823666191_202010211143.w320.ttl3600.png?format=png', 'cover_image_url': 'https://hayabusa.io/openrec-image/user_background/8236662/823666191_202010211143.w210.ttl3600.png?format=png', 'l_cover_image_url': 'https://dqd0jw5gvbchn.cloudfront.net/user_background/8236662/823666191_202010211143.png', 'follows': 2, 'followers': 3677, 'is_premium': True, 'is_official': True, 'is_fresh': False, 'is_warned': False, 'is_team': False, 'is_league_yell': False, 'is_live': False, 'is_stats_hidden': False, 'live_views': 0, 'is_viewers_hidden': True, 'registered_at': '2020-10-19T20:34:04+09:00', 'last_updated_at': '2021-11-13T20:00:01+09:00', 'signed_in_with_facebook': None, 'signed_in_with_twitter': None, 'signed_in_with_google': None, 'signed_in_with_yahoo': None, 'signed_in_with_apple': None, 'user_status': 'special', 'is_creator': True, 'premium_start_at': None, 'premium_charge_type': None, 'premium_payment_status': None, 'has_ppv_permission': None, 'has_active_email_token': None, 'email': None, 'pending_email': None, 'twitter_screen_name': None, 'hidden_channels': None, 'has_confirmed_email': True, 'is_approved_account': True, 'blacklist_count': None, 'blacklist_limit': None}","{'name_color': '#FB7642', 'is_premium_hidden': False, 'is_official_hidden': False, 'is_subs_badge_hidden': False, 'is_subs_duration_hidden': False}",False,False,False,False,461926268,"[{'id': 1574, 'image_url': 'https://dqd0jw5gvbchn.cloudfront.net/badge/subscription/template/a9c440f7-c013-36a3-4484-3e412f520cc7.png', 'label': 'SS席', 'type': 'subscription', 'subscription': {'months': 13, 'tier': 2}}]",24,2400,https://dqd0jw5gvbchn.cloudfront.net/yell/24/a0dbf1fdc589aa12532afe1801d42d44f07bbb0c.gif,,,3000,2400,45,,aki_313_east,True,3822043,838459486,aki@諜報員,,https://hayabusa.io/openrec-image/user/8384595/838459486.w90.ttl3600.v1607338715.png?format=png,https://hayabusa.io/openrec-image/user/8384595/838459486.w320.ttl3600.v1607338715.png?format=png,,,4,1,False,False,False,False,False,False,False,False,0,True,2020-11-09T19:42:19+09:00,,,,,,,bang,False,,,,,,,,,,True,True,,,1o8qe5j1g8k
19,612970,千と千尋の神隠しのやつはどうですか？,2021-05-18T02:52:15+09:00,channel,"{'id': 300, 'name': 'FES02', 'image_url': 'https://dqd0jw5gvbchn.cloudfront.net/yell/300/59aff2cb78428e04874c99ce75121618cdcfe1ad.gif', 'image_url_small': '', 'animation_url': '', 'points': 500, 'yells': 400, 'ticker_seconds': 15, 'channel': None}","{'id': 'KoizumiKuro_HK', 'registered_user_id': True, 'openrec_user_id': 3761245, 'recxuser_id': 825112534, 'nickname': '小泉くろ', 'introduction': '推しの為にここに来た(｀・ω・´)\nよろしくお願いしますね', 'icon_image_url': 'https://hayabusa.io/openrec-image/user/8251126/825112534.w90.ttl3600.v1614359322.png?format=png', 'l_icon_image_url': 'https://hayabusa.io/openrec-image/user/8251126/825112534.w320.ttl3600.v1614359322.png?format=png', 'cover_image_url': 'https://hayabusa.io/openrec-image/user_background/8251126/825112534_cover.w210.ttl3600.v1614359322.png?format=png', 'l_cover_image_url': 'https://dqd0jw5gvbchn.cloudfront.net/user_background/8251126/825112534_cover.png?1614359322', 'follows': 5, 'followers': 3, 'is_premium': True, 'is_official': False, 'is_fresh': False, 'is_warned': False, 'is_team': False, 'is_league_yell': False, 'is_live': False, 'is_stats_hidden': False, 'live_views': 0, 'is_viewers_hidden': True, 'registered_at': '2020-10-21T23:09:42+09:00', 'last_updated_at': None, 'signed_in_with_facebook': None, 'signed_in_with_twitter': None, 'signed_in_with_google': None, 'signed_in_with_yahoo': None, 'signed_in_with_apple': None, 'user_status': 'bang', 'is_creator': False, 'premium_start_at': None, 'premium_charge_type': None, 'premium_payment_status': None, 'has_ppv_permission': None, 'has_active_email_token': None, 'email': None, 'pending_email': None, 'twitter_screen_name': None, 'hidden_channels': None, 'has_confirmed_email': True, 'is_approved_account': True, 'blacklist_count': None, 'blacklist_limit': None}","{'id': 'sagara_mayu', 'registered_user_id': True, 'openrec_user_id': 3758330, 'recxuser_id': 823666191, 'nickname': '相良茉優のFUN！FAN！FACTORY', 'introduction': '毎週月曜日配信の相良茉優がファンと一緒に楽しいことを作っていく番組です！\n\n番組推奨ハッシュタグ「#さがらFFF」\n是非ハッシュタグを付けて番組や相良茉優について呟いてください！\n\n「Discord」にてサブスク限定コミュニティも運営中！\n以下より連携方法をご確認ください。\nhttps://openrecnext.amebaownd.com/posts/11101764\n\n▼サブスク特典\nA席\n①メンバー限定放送・アーカイブ見放題\n②(入会初月のみ)翌月10日頃にOPENRECポイント300Pt付与\n③お誕生日月にお名前入り写真プレゼント(集合)※Discordにて前月中に申し込みの必要あり\n\nS席\n①メンバー限定放送・アーカイブ見放題\n②S席・SS席限定オフショット写真プレゼント\n③限定サイン入りチェキを抽選でプレゼント\n④(入会初月のみ)翌月10日頃にOPENRECポイント500Pt付与\n⑤お誕生日月にお名前入り写真プレゼント(個別)※Discordにて前月中に申し込みの必要あり\n\nSS席\n①メンバー限定配信・アーカイブ見放題\n②オフショット写真プレゼント\n③限定サイン入りチェキを抽選でプレゼント\n④視聴者参加型企画参加権利(抽選)\n⑤オフショット動画見放題\n⑥S席・SS席限定オフショット\n⑦(入会初月のみ)翌月10日頃にOPENRECポイント800Pt付与\n⑧お誕生日月にお名前をお呼びしたお祝い動画をプレゼント！\n\u3000(※Discordにて前月までに申し込みの必要あり)\n\n■相良茉優プロフィール\n京都府出身。4月17日生まれ。Digital Double所属。\n「アイドルメモリーズ」梶原未来で初めてのメインキャラを演じ、声優として活動を始める。\n2017年「ラブライブ！虹ヶ咲学園スクールアイドル同好会」で中須かすみに抜擢され、\n同作品のスクールアイドルとして現在放送中のアニメやゲーム・ライブで活動中。\n他にも、アプリ「ひぐらしのなく頃に命」(公由一穂)、アプリ「マギアレコード 魔法少女まどか☆マギカ外伝」(広江ちはる)等、多数作品に出演。2020年春に短編映画「時々は、眠れない夜に」に初めて実写での出演を果たした。\n', 'icon_image_url': 'https://hayabusa.io/openrec-image/user/8236662/823666191_202010211143.w90.ttl3600.png?format=png', 'l_icon_image_url': 'https://hayabusa.io/openrec-image/user/8236662/823666191_202010211143.w320.ttl3600.png?format=png', 'cover_image_url': 'https://hayabusa.io/openrec-image/user_background/8236662/823666191_202010211143.w210.ttl3600.png?format=png', 'l_cover_image_url': 'https://dqd0jw5gvbchn.cloudfront.net/user_background/8236662/823666191_202010211143.png', 'follows': 2, 'followers': 3677, 'is_premium': True, 'is_official': True, 'is_fresh': False, 'is_warned': False, 'is_team': False, 'is_league_yell': False, 'is_live': False, 'is_stats_hidden': False, 'live_views': 0, 'is_viewers_hidden': True, 'registered_at': '2020-10-19T20:34:04+09:00', 'last_updated_at': '2021-11-13T20:00:01+09:00', 'signed_in_with_facebook': None, 'signed_in_with_twitter': None, 'signed_in_with_google': None, 'signed_in_with_yahoo': None, 'signed_in_with_apple': None, 'user_status': 'special', 'is_creator': True, 'premium_start_at': None, 'premium_charge_type': None, 'premium_payment_status': None, 'has_ppv_permission': None, 'has_active_email_token': None, 'email': None, 'pending_email': None, 'twitter_screen_name': None, 'hidden_channels': None, 'has_confirmed_email': True, 'is_approved_account': True, 'blacklist_count': None, 'blacklist_limit': None}","{'name_color': '#34AEF6', 'is_premium_hidden': False, 'is_official_hidden': False, 'is_subs_badge_hidden': False, 'is_subs_duration_hidden': False}",False,False,False,False,461923947,"[{'id': 1574, 'image_url': 'https://dqd0jw5gvbchn.cloudfront.net/badge/subscription/template/a9c440f7-c013-36a3-4484-3e412f520cc7.png', 'label': 'SS席', 'type': 'subscription', 'subscription': {'months': 13, 'tier': 2}}]",300,FES02,https://dqd0jw5gvbchn.cloudfront.net/yell/300/59aff2cb78428e04874c99ce75121618cdcfe1ad.gif,,,500,400,15,,KoizumiKuro_HK,True,3761245,825112534,小泉くろ,"推しの為にここに来た(｀・ω・´)
よろしくお願いしますね",https://hayabusa.io/openrec-image/user/8251126/825112534.w90.ttl3600.v1614359322.png?format=png,https://hayabusa.io/openrec-image/user/8251126/825112534.w320.ttl3600.v1614359322.png?format=png,https://hayabusa.io/openrec-image/user_background/8251126/825112534_cover.w210.ttl3600.v1614359322.png?format=png,https://dqd0jw5gvbchn.cloudfront.net/user_background/8251126/825112534_cover.png?1614359322,5,3,True,False,False,False,False,False,False,False,0,True,2020-10-21T23:09:42+09:00,,,,,,,bang,False,,,,,,,,,,True,True,,,1o8qe5j1g8k
20,612967,お悩み相談乗って頂きありがとうございました！垢抜けてサイン会に行けるように頑張ります！寝落ちする前にお礼のエール送らせて頂きました笑,2021-05-18T02:46:11+09:00,channel,"{'id': 300, 'name': 'FES02', 'image_url': 'https://dqd0jw5gvbchn.cloudfront.net/yell/300/59aff2cb78428e04874c99ce75121618cdcfe1ad.gif', 'image_url_small': '', 'animation_url': '', 'points': 500, 'yells': 400, 'ticker_seconds': 15, 'channel': None}","{'id': 'muttya0123', 'registered_user_id': True, 'openrec_user_id': 3932961, 'recxuser_id': 873523039, 'nickname': 'ドリ原', 'introduction': '', 'icon_image_url': 'https://hayabusa.io/openrec-image/user/8735231/873523039.w90.ttl3600.v1609398380.png?format=png', 'l_icon_image_url': 'https://hayabusa.io/openrec-image/user/8735231/873523039.w320.ttl3600.v1609398380.png?format=png', 'cover_image_url': '', 'l_cover_image_url': '', 'follows': 2, 'followers': 0, 'is_premium': False, 'is_official': False, 'is_fresh': False, 'is_warned': False, 'is_team': False, 'is_league_yell': False, 'is_live': False, 'is_stats_hidden': False, 'live_views': 0, 'is_viewers_hidden': True, 'registered_at': '2020-12-31T16:06:20+09:00', 'last_updated_at': None, 'signed_in_with_facebook': None, 'signed_in_with_twitter': None, 'signed_in_with_google': None, 'signed_in_with_yahoo': None, 'signed_in_with_apple': None, 'user_status': 'bang', 'is_creator': False, 'premium_start_at': None, 'premium_charge_type': None, 'premium_payment_status': None, 'has_ppv_permission': None, 'has_active_email_token': None, 'email': None, 'pending_email': None, 'twitter_screen_name': None, 'hidden_channels': None, 'has_confirmed_email': True, 'is_approved_account': True, 'blacklist_count': None, 'blacklist_limit': None}","{'id': 'sagara_mayu', 'registered_user_id': True, 'openrec_user_id': 3758330, 'recxuser_id': 823666191, 'nickname': '相良茉優のFUN！FAN！FACTORY', 'introduction': '毎週月曜日配信の相良茉優がファンと一緒に楽しいことを作っていく番組です！\n\n番組推奨ハッシュタグ「#さがらFFF」\n是非ハッシュタグを付けて番組や相良茉優について呟いてください！\n\n「Discord」にてサブスク限定コミュニティも運営中！\n以下より連携方法をご確認ください。\nhttps://openrecnext.amebaownd.com/posts/11101764\n\n▼サブスク特典\nA席\n①メンバー限定放送・アーカイブ見放題\n②(入会初月のみ)翌月10日頃にOPENRECポイント300Pt付与\n③お誕生日月にお名前入り写真プレゼント(集合)※Discordにて前月中に申し込みの必要あり\n\nS席\n①メンバー限定放送・アーカイブ見放題\n②S席・SS席限定オフショット写真プレゼント\n③限定サイン入りチェキを抽選でプレゼント\n④(入会初月のみ)翌月10日頃にOPENRECポイント500Pt付与\n⑤お誕生日月にお名前入り写真プレゼント(個別)※Discordにて前月中に申し込みの必要あり\n\nSS席\n①メンバー限定配信・アーカイブ見放題\n②オフショット写真プレゼント\n③限定サイン入りチェキを抽選でプレゼント\n④視聴者参加型企画参加権利(抽選)\n⑤オフショット動画見放題\n⑥S席・SS席限定オフショット\n⑦(入会初月のみ)翌月10日頃にOPENRECポイント800Pt付与\n⑧お誕生日月にお名前をお呼びしたお祝い動画をプレゼント！\n\u3000(※Discordにて前月までに申し込みの必要あり)\n\n■相良茉優プロフィール\n京都府出身。4月17日生まれ。Digital Double所属。\n「アイドルメモリーズ」梶原未来で初めてのメインキャラを演じ、声優として活動を始める。\n2017年「ラブライブ！虹ヶ咲学園スクールアイドル同好会」で中須かすみに抜擢され、\n同作品のスクールアイドルとして現在放送中のアニメやゲーム・ライブで活動中。\n他にも、アプリ「ひぐらしのなく頃に命」(公由一穂)、アプリ「マギアレコード 魔法少女まどか☆マギカ外伝」(広江ちはる)等、多数作品に出演。2020年春に短編映画「時々は、眠れない夜に」に初めて実写での出演を果たした。\n', 'icon_image_url': 'https://hayabusa.io/openrec-image/user/8236662/823666191_202010211143.w90.ttl3600.png?format=png', 'l_icon_image_url': 'https://hayabusa.io/openrec-image/user/8236662/823666191_202010211143.w320.ttl3600.png?format=png', 'cover_image_url': 'https://hayabusa.io/openrec-image/user_background/8236662/823666191_202010211143.w210.ttl3600.png?format=png', 'l_cover_image_url': 'https://dqd0jw5gvbchn.cloudfront.net/user_background/8236662/823666191_202010211143.png', 'follows': 2, 'followers': 3677, 'is_premium': True, 'is_official': True, 'is_fresh': False, 'is_warned': False, 'is_team': False, 'is_league_yell': False, 'is_live': False, 'is_stats_hidden': False, 'live_views': 0, 'is_viewers_hidden': True, 'registered_at': '2020-10-19T20:34:04+09:00', 'last_updated_at': '2021-11-13T20:00:01+09:00', 'signed_in_with_facebook': None, 'signed_in_with_twitter': None, 'signed_in_with_google': None, 'signed_in_with_yahoo': None, 'signed_in_with_apple': None, 'user_status': 'special', 'is_creator': True, 'premium_start_at': None, 'premium_charge_type': None, 'premium_payment_status': None, 'has_ppv_permission': None, 'has_active_email_token': None, 'email': None, 'pending_email': None, 'twitter_screen_name': None, 'hidden_channels': None, 'has_confirmed_email': True, 'is_approved_account': True, 'blacklist_count': None, 'blacklist_limit': None}","{'name_color': '#2468DF', 'is_premium_hidden': False, 'is_official_hidden': False, 'is_subs_badge_hidden': False, 'is_subs_duration_hidden': False}",False,False,False,False,461922798,"[{'id': 1563, 'image_url': 'https://dqd0jw5gvbchn.cloudfront.net/badge/subscription/template/a9c440f7-c013-36a3-4484-3e412f520cc7.png', 'label': 'A席', 'type': 'subscription', 'subscription': {'months': 11, 'tier': 0}}]",300,FES02,https://dqd0jw5gvbchn.cloudfront.net/yell/300/59aff2cb78428e04874c99ce75121618cdcfe1ad.gif,,,500,400,15,,muttya0123,True,3932961,873523039,ドリ原,,https://hayabusa.io/openrec-image/user/8735231/873523039.w90.ttl3600.v1609398380.png?format=png,https://hayabusa.io/openrec-image/user/8735231/873523039.w320.ttl3600.v1609398380.png?format=png,,,2,0,False,False,False,False,False,False,False,False,0,True,2020-12-31T16:06:20+09:00,,,,,,,bang,False,,,,,,,,,,True,True,,,1o8qe5j1g8k
21,612965,ウイポのサムネ3枚作り終わったぁ〜,2021-05-18T02:41:34+09:00,channel,"{'id': 299, 'name': 'FES01', 'image_url': 'https://dqd0jw5gvbchn.cloudfront.net/yell/299/e40290c7cec606f0f867813e7a224bad976e2fac.gif', 'image_url_small': '', 'animation_url': '', 'points': 200, 'yells': 160, 'ticker_seconds': 15, 'channel': None}","{'id': 'shou0419', 'registered_user_id': True, 'openrec_user_id': 2105516, 'recxuser_id': 481811987, 'nickname': 'しょう(モルモット)', 'introduction': '', 'icon_image_url': 'https://hayabusa.io/openrec-image/user/4818120/481811987.w90.ttl3600.v1623711991.png?format=png', 'l_icon_image_url': 'https://hayabusa.io/openrec-image/user/4818120/481811987.w320.ttl3600.v1623711991.png?format=png', 'cover_image_url': 'https://hayabusa.io/openrec-image/user_background/4818120/481811987_cover.w210.ttl3600.v1566279468.png?format=png', 'l_cover_image_url': 'https://dqd0jw5gvbchn.cloudfront.net/user_background/4818120/481811987_cover.png?1566279468', 'follows': 1, 'followers': 0, 'is_premium': False, 'is_official': False, 'is_fresh': False, 'is_warned': False, 'is_team': False, 'is_league_yell': False, 'is_live': False, 'is_stats_hidden': False, 'live_views': 0, 'is_viewers_hidden': True, 'registered_at': '2019-07-09T01:15:12+09:00', 'last_updated_at': None, 'signed_in_with_facebook': None, 'signed_in_with_twitter': None, 'signed_in_with_google': None, 'signed_in_with_yahoo': None, 'signed_in_with_apple': None, 'user_status': 'publish', 'is_creator': False, 'premium_start_at': None, 'premium_charge_type': None, 'premium_payment_status': None, 'has_ppv_permission': None, 'has_active_email_token': None, 'email': None, 'pending_email': None, 'twitter_screen_name': None, 'hidden_channels': None, 'has_confirmed_email': True, 'is_approved_account': True, 'blacklist_count': None, 'blacklist_limit': None}","{'id': 'sagara_mayu', 'registered_user_id': True, 'openrec_user_id': 3758330, 'recxuser_id': 823666191, 'nickname': '相良茉優のFUN！FAN！FACTORY', 'introduction': '毎週月曜日配信の相良茉優がファンと一緒に楽しいことを作っていく番組です！\n\n番組推奨ハッシュタグ「#さがらFFF」\n是非ハッシュタグを付けて番組や相良茉優について呟いてください！\n\n「Discord」にてサブスク限定コミュニティも運営中！\n以下より連携方法をご確認ください。\nhttps://openrecnext.amebaownd.com/posts/11101764\n\n▼サブスク特典\nA席\n①メンバー限定放送・アーカイブ見放題\n②(入会初月のみ)翌月10日頃にOPENRECポイント300Pt付与\n③お誕生日月にお名前入り写真プレゼント(集合)※Discordにて前月中に申し込みの必要あり\n\nS席\n①メンバー限定放送・アーカイブ見放題\n②S席・SS席限定オフショット写真プレゼント\n③限定サイン入りチェキを抽選でプレゼント\n④(入会初月のみ)翌月10日頃にOPENRECポイント500Pt付与\n⑤お誕生日月にお名前入り写真プレゼント(個別)※Discordにて前月中に申し込みの必要あり\n\nSS席\n①メンバー限定配信・アーカイブ見放題\n②オフショット写真プレゼント\n③限定サイン入りチェキを抽選でプレゼント\n④視聴者参加型企画参加権利(抽選)\n⑤オフショット動画見放題\n⑥S席・SS席限定オフショット\n⑦(入会初月のみ)翌月10日頃にOPENRECポイント800Pt付与\n⑧お誕生日月にお名前をお呼びしたお祝い動画をプレゼント！\n\u3000(※Discordにて前月までに申し込みの必要あり)\n\n■相良茉優プロフィール\n京都府出身。4月17日生まれ。Digital Double所属。\n「アイドルメモリーズ」梶原未来で初めてのメインキャラを演じ、声優として活動を始める。\n2017年「ラブライブ！虹ヶ咲学園スクールアイドル同好会」で中須かすみに抜擢され、\n同作品のスクールアイドルとして現在放送中のアニメやゲーム・ライブで活動中。\n他にも、アプリ「ひぐらしのなく頃に命」(公由一穂)、アプリ「マギアレコード 魔法少女まどか☆マギカ外伝」(広江ちはる)等、多数作品に出演。2020年春に短編映画「時々は、眠れない夜に」に初めて実写での出演を果たした。\n', 'icon_image_url': 'https://hayabusa.io/openrec-image/user/8236662/823666191_202010211143.w90.ttl3600.png?format=png', 'l_icon_image_url': 'https://hayabusa.io/openrec-image/user/8236662/823666191_202010211143.w320.ttl3600.png?format=png', 'cover_image_url': 'https://hayabusa.io/openrec-image/user_background/8236662/823666191_202010211143.w210.ttl3600.png?format=png', 'l_cover_image_url': 'https://dqd0jw5gvbchn.cloudfront.net/user_background/8236662/823666191_202010211143.png', 'follows': 2, 'followers': 3677, 'is_premium': True, 'is_official': True, 'is_fresh': False, 'is_warned': False, 'is_team': False, 'is_league_yell': False, 'is_live': False, 'is_stats_hidden': False, 'live_views': 0, 'is_viewers_hidden': True, 'registered_at': '2020-10-19T20:34:04+09:00', 'last_updated_at': '2021-11-13T20:00:01+09:00', 'signed_in_with_facebook': None, 'signed_in_with_twitter': None, 'signed_in_with_google': None, 'signed_in_with_yahoo': None, 'signed_in_with_apple': None, 'user_status': 'special', 'is_creator': True, 'premium_start_at': None, 'premium_charge_type': None, 'premium_payment_status': None, 'has_ppv_permission': None, 'has_active_email_token': None, 'email': None, 'pending_email': None, 'twitter_screen_name': None, 'hidden_channels': None, 'has_confirmed_email': True, 'is_approved_account': True, 'blacklist_count': None, 'blacklist_limit': None}","{'name_color': '#B6FF59', 'is_premium_hidden': False, 'is_official_hidden': False, 'is_subs_badge_hidden': False, 'is_subs_duration_hidden': False}",False,False,False,False,461922049,"[{'id': 1574, 'image_url': 'https://dqd0jw5gvbchn.cloudfront.net/badge/subscription/template/a9c440f7-c013-36a3-4484-3e412f520cc7.png', 'label': 'SS席', 'type': 'subscription', 'subscription': {'months': 12, 'tier': 2}}]",299,FES01,https://dqd0jw5gvbchn.cloudfront.net/yell/299/e40290c7cec606f0f867813e7a224bad976e2fac.gif,,,200,160,15,,shou0419,True,2105516,481811987,しょう(モルモット),,https://hayabusa.io/openrec-image/user/4818120/481811987.w90.ttl3600.v1623711991.png?format=png,https://hayabusa.io/openrec-image/user/4818120/481811987.w320.ttl3600.v1623711991.png?format=png,https://hayabusa.io/openrec-image/user_background/4818120/481811987_cover.w210.ttl3600.v1566279468.png?format=png,https://dqd0jw5gvbchn.cloudfront.net/user_background/4818120/481811987_cover.png?1566279468,1,0,False,False,False,False,False,False,False,False,0,True,2019-07-09T01:15:12+09:00,,,,,,,publish,False,,,,,,,,,,True,True,,,1o8qe5j1g8k
22,612963,それでは寝ます😪無事終わること祈ってますね〜,2021-05-18T02:39:54+09:00,channel,"{'id': 299, 'name': 'FES01', 'image_url': 'https://dqd0jw5gvbchn.cloudfront.net/yell/299/e40290c7cec606f0f867813e7a224bad976e2fac.gif', 'image_url_small': '', 'animation_url': '', 'points': 200, 'yells': 160, 'ticker_seconds': 15, 'channel': None}","{'id': 'eila4869', 'registered_user_id': True, 'openrec_user_id': 4153956, 'recxuser_id': 949164241, 'nickname': 'えいら', 'introduction': '初心者', 'icon_image_url': 'https://hayabusa.io/openrec-image/user/9491643/949164241.w90.ttl3600.v1618665418.png?format=png', 'l_icon_image_url': 'https://hayabusa.io/openrec-image/user/9491643/949164241.w320.ttl3600.v1618665418.png?format=png', 'cover_image_url': '', 'l_cover_image_url': '', 'follows': 1, 'followers': 0, 'is_premium': False, 'is_official': False, 'is_fresh': False, 'is_warned': False, 'is_team': False, 'is_league_yell': False, 'is_live': False, 'is_stats_hidden': False, 'live_views': 0, 'is_viewers_hidden': True, 'registered_at': '2021-04-12T20:38:19+09:00', 'last_updated_at': None, 'signed_in_with_facebook': None, 'signed_in_with_twitter': None, 'signed_in_with_google': None, 'signed_in_with_yahoo': None, 'signed_in_with_apple': None, 'user_status': 'bang', 'is_creator': False, 'premium_start_at': None, 'premium_charge_type': None, 'premium_payment_status': None, 'has_ppv_permission': None, 'has_active_email_token': None, 'email': None, 'pending_email': None, 'twitter_screen_name': None, 'hidden_channels': None, 'has_confirmed_email': True, 'is_approved_account': True, 'blacklist_count': None, 'blacklist_limit': None}","{'id': 'sagara_mayu', 'registered_user_id': True, 'openrec_user_id': 3758330, 'recxuser_id': 823666191, 'nickname': '相良茉優のFUN！FAN！FACTORY', 'introduction': '毎週月曜日配信の相良茉優がファンと一緒に楽しいことを作っていく番組です！\n\n番組推奨ハッシュタグ「#さがらFFF」\n是非ハッシュタグを付けて番組や相良茉優について呟いてください！\n\n「Discord」にてサブスク限定コミュニティも運営中！\n以下より連携方法をご確認ください。\nhttps://openrecnext.amebaownd.com/posts/11101764\n\n▼サブスク特典\nA席\n①メンバー限定放送・アーカイブ見放題\n②(入会初月のみ)翌月10日頃にOPENRECポイント300Pt付与\n③お誕生日月にお名前入り写真プレゼント(集合)※Discordにて前月中に申し込みの必要あり\n\nS席\n①メンバー限定放送・アーカイブ見放題\n②S席・SS席限定オフショット写真プレゼント\n③限定サイン入りチェキを抽選でプレゼント\n④(入会初月のみ)翌月10日頃にOPENRECポイント500Pt付与\n⑤お誕生日月にお名前入り写真プレゼント(個別)※Discordにて前月中に申し込みの必要あり\n\nSS席\n①メンバー限定配信・アーカイブ見放題\n②オフショット写真プレゼント\n③限定サイン入りチェキを抽選でプレゼント\n④視聴者参加型企画参加権利(抽選)\n⑤オフショット動画見放題\n⑥S席・SS席限定オフショット\n⑦(入会初月のみ)翌月10日頃にOPENRECポイント800Pt付与\n⑧お誕生日月にお名前をお呼びしたお祝い動画をプレゼント！\n\u3000(※Discordにて前月までに申し込みの必要あり)\n\n■相良茉優プロフィール\n京都府出身。4月17日生まれ。Digital Double所属。\n「アイドルメモリーズ」梶原未来で初めてのメインキャラを演じ、声優として活動を始める。\n2017年「ラブライブ！虹ヶ咲学園スクールアイドル同好会」で中須かすみに抜擢され、\n同作品のスクールアイドルとして現在放送中のアニメやゲーム・ライブで活動中。\n他にも、アプリ「ひぐらしのなく頃に命」(公由一穂)、アプリ「マギアレコード 魔法少女まどか☆マギカ外伝」(広江ちはる)等、多数作品に出演。2020年春に短編映画「時々は、眠れない夜に」に初めて実写での出演を果たした。\n', 'icon_image_url': 'https://hayabusa.io/openrec-image/user/8236662/823666191_202010211143.w90.ttl3600.png?format=png', 'l_icon_image_url': 'https://hayabusa.io/openrec-image/user/8236662/823666191_202010211143.w320.ttl3600.png?format=png', 'cover_image_url': 'https://hayabusa.io/openrec-image/user_background/8236662/823666191_202010211143.w210.ttl3600.png?format=png', 'l_cover_image_url': 'https://dqd0jw5gvbchn.cloudfront.net/user_background/8236662/823666191_202010211143.png', 'follows': 2, 'followers': 3677, 'is_premium': True, 'is_official': True, 'is_fresh': False, 'is_warned': False, 'is_team': False, 'is_league_yell': False, 'is_live': False, 'is_stats_hidden': False, 'live_views': 0, 'is_viewers_hidden': True, 'registered_at': '2020-10-19T20:34:04+09:00', 'last_updated_at': '2021-11-13T20:00:01+09:00', 'signed_in_with_facebook': None, 'signed_in_with_twitter': None, 'signed_in_with_google': None, 'signed_in_with_yahoo': None, 'signed_in_with_apple': None, 'user_status': 'special', 'is_creator': True, 'premium_start_at': None, 'premium_charge_type': None, 'premium_payment_status': None, 'has_ppv_permission': None, 'has_active_email_token': None, 'email': None, 'pending_email': None, 'twitter_screen_name': None, 'hidden_channels': None, 'has_confirmed_email': True, 'is_approved_account': True, 'blacklist_count': None, 'blacklist_limit': None}","{'name_color': '#F6A434', 'is_premium_hidden': False, 'is_official_hidden': False, 'is_subs_badge_hidden': False, 'is_subs_duration_hidden': False}",False,False,False,False,461921793,"[{'id': 1574, 'image_url': 'https://dqd0jw5gvbchn.cloudfront.net/badge/subscription/template/a9c440f7-c013-36a3-4484-3e412f520cc7.png', 'label': 'SS席', 'type': 'subscription', 'subscription': {'months': 8, 'tier': 2}}]",299,FES01,https://dqd0jw5gvbchn.cloudfront.net/yell/299/e40290c7cec606f0f867813e7a224bad976e2fac.gif,,,200,160,15,,eila4869,True,4153956,949164241,えいら,初心者,https://hayabusa.io/openrec-image/user/9491643/949164241.w90.ttl3600.v1618665418.png?format=png,https://hayabusa.io/openrec-image/user/9491643/949164241.w320.ttl3600.v1618665418.png?format=png,,,1,0,False,False,False,False,False,False,False,False,0,True,2021-04-12T20:38:19+09:00,,,,,,,bang,False,,,,,,,,,,True,True,,,1o8qe5j1g8k
23,612961,お先します！ＣＤ届いて嬉しかったです、お疲れですノシ,2021-05-18T02:38:39+09:00,channel,"{'id': 299, 'name': 'FES01', 'image_url': 'https://dqd0jw5gvbchn.cloudfront.net/yell/299/e40290c7cec606f0f867813e7a224bad976e2fac.gif', 'image_url_small': '', 'animation_url': '', 'points': 200, 'yells': 160, 'ticker_seconds': 15, 'channel': None}","{'id': 'zygma0612', 'registered_user_id': True, 'openrec_user_id': 3854153, 'recxuser_id': 848116934, 'nickname': 'プレタ(ポルテ)', 'introduction': 'よろしくお願いします！！！', 'icon_image_url': 'https://hayabusa.io/openrec-image/user/8481170/848116934.w90.ttl3600.v1611592699.png?format=png', 'l_icon_image_url': 'https://hayabusa.io/openrec-image/user/8481170/848116934.w320.ttl3600.v1611592699.png?format=png', 'cover_image_url': 'https://hayabusa.io/openrec-image/user_background/8481170/848116934_cover.w210.ttl3600.v1611592699.png?format=png', 'l_cover_image_url': 'https://dqd0jw5gvbchn.cloudfront.net/user_background/8481170/848116934_cover.png?1611592699', 'follows': 2, 'followers': 0, 'is_premium': False, 'is_official': False, 'is_fresh': False, 'is_warned': False, 'is_team': False, 'is_league_yell': False, 'is_live': False, 'is_stats_hidden': False, 'live_views': 0, 'is_viewers_hidden': True, 'registered_at': '2020-11-23T21:27:37+09:00', 'last_updated_at': None, 'signed_in_with_facebook': None, 'signed_in_with_twitter': None, 'signed_in_with_google': None, 'signed_in_with_yahoo': None, 'signed_in_with_apple': None, 'user_status': 'bang', 'is_creator': False, 'premium_start_at': None, 'premium_charge_type': None, 'premium_payment_status': None, 'has_ppv_permission': None, 'has_active_email_token': None, 'email': None, 'pending_email': None, 'twitter_screen_name': None, 'hidden_channels': None, 'has_confirmed_email': True, 'is_approved_account': True, 'blacklist_count': None, 'blacklist_limit': None}","{'id': 'sagara_mayu', 'registered_user_id': True, 'openrec_user_id': 3758330, 'recxuser_id': 823666191, 'nickname': '相良茉優のFUN！FAN！FACTORY', 'introduction': '毎週月曜日配信の相良茉優がファンと一緒に楽しいことを作っていく番組です！\n\n番組推奨ハッシュタグ「#さがらFFF」\n是非ハッシュタグを付けて番組や相良茉優について呟いてください！\n\n「Discord」にてサブスク限定コミュニティも運営中！\n以下より連携方法をご確認ください。\nhttps://openrecnext.amebaownd.com/posts/11101764\n\n▼サブスク特典\nA席\n①メンバー限定放送・アーカイブ見放題\n②(入会初月のみ)翌月10日頃にOPENRECポイント300Pt付与\n③お誕生日月にお名前入り写真プレゼント(集合)※Discordにて前月中に申し込みの必要あり\n\nS席\n①メンバー限定放送・アーカイブ見放題\n②S席・SS席限定オフショット写真プレゼント\n③限定サイン入りチェキを抽選でプレゼント\n④(入会初月のみ)翌月10日頃にOPENRECポイント500Pt付与\n⑤お誕生日月にお名前入り写真プレゼント(個別)※Discordにて前月中に申し込みの必要あり\n\nSS席\n①メンバー限定配信・アーカイブ見放題\n②オフショット写真プレゼント\n③限定サイン入りチェキを抽選でプレゼント\n④視聴者参加型企画参加権利(抽選)\n⑤オフショット動画見放題\n⑥S席・SS席限定オフショット\n⑦(入会初月のみ)翌月10日頃にOPENRECポイント800Pt付与\n⑧お誕生日月にお名前をお呼びしたお祝い動画をプレゼント！\n\u3000(※Discordにて前月までに申し込みの必要あり)\n\n■相良茉優プロフィール\n京都府出身。4月17日生まれ。Digital Double所属。\n「アイドルメモリーズ」梶原未来で初めてのメインキャラを演じ、声優として活動を始める。\n2017年「ラブライブ！虹ヶ咲学園スクールアイドル同好会」で中須かすみに抜擢され、\n同作品のスクールアイドルとして現在放送中のアニメやゲーム・ライブで活動中。\n他にも、アプリ「ひぐらしのなく頃に命」(公由一穂)、アプリ「マギアレコード 魔法少女まどか☆マギカ外伝」(広江ちはる)等、多数作品に出演。2020年春に短編映画「時々は、眠れない夜に」に初めて実写での出演を果たした。\n', 'icon_image_url': 'https://hayabusa.io/openrec-image/user/8236662/823666191_202010211143.w90.ttl3600.png?format=png', 'l_icon_image_url': 'https://hayabusa.io/openrec-image/user/8236662/823666191_202010211143.w320.ttl3600.png?format=png', 'cover_image_url': 'https://hayabusa.io/openrec-image/user_background/8236662/823666191_202010211143.w210.ttl3600.png?format=png', 'l_cover_image_url': 'https://dqd0jw5gvbchn.cloudfront.net/user_background/8236662/823666191_202010211143.png', 'follows': 2, 'followers': 3677, 'is_premium': True, 'is_official': True, 'is_fresh': False, 'is_warned': False, 'is_team': False, 'is_league_yell': False, 'is_live': False, 'is_stats_hidden': False, 'live_views': 0, 'is_viewers_hidden': True, 'registered_at': '2020-10-19T20:34:04+09:00', 'last_updated_at': '2021-11-13T20:00:01+09:00', 'signed_in_with_facebook': None, 'signed_in_with_twitter': None, 'signed_in_with_google': None, 'signed_in_with_yahoo': None, 'signed_in_with_apple': None, 'user_status': 'special', 'is_creator': True, 'premium_start_at': None, 'premium_charge_type': None, 'premium_payment_status': None, 'has_ppv_permission': None, 'has_active_email_token': None, 'email': None, 'pending_email': None, 'twitter_screen_name': None, 'hidden_channels': None, 'has_confirmed_email': True, 'is_approved_account': True, 'blacklist_count': None, 'blacklist_limit': None}","{'name_color': '#34AEF6', 'is_premium_hidden': False, 'is_official_hidden': False, 'is_subs_badge_hidden': False, 'is_subs_duration_hidden': False}",False,False,False,False,461921577,"[{'id': 1574, 'image_url': 'https://dqd0jw5gvbchn.cloudfront.net/badge/subscription/template/a9c440f7-c013-36a3-4484-3e412f520cc7.png', 'label': 'SS席', 'type': 'subscription', 'subscription': {'months': 12, 'tier': 2}}]",299,FES01,https://dqd0jw5gvbchn.cloudfront.net/yell/299/e40290c7cec606f0f867813e7a224bad976e2fac.gif,,,200,160,15,,zygma0612,True,3854153,848116934,プレタ(ポルテ),よろしくお願いします！！！,https://hayabusa.io/openrec-image/user/8481170/848116934.w90.ttl3600.v1611592699.png?format=png,https://hayabusa.io/openrec-image/user/8481170/848116934.w320.ttl3600.v1611592699.png?format=png,https://hayabusa.io/openrec-image/user_background/8481170/848116934_cover.w210.ttl3600.v1611592699.png?format=png,https://dqd0jw5gvbchn.cloudfront.net/user_background/8481170/848116934_cover.png?1611592699,2,0,False,False,False,False,False,False,False,False,0,True,2020-11-23T21:27:37+09:00,,,,,,,bang,False,,,,,,,,,,True,True,,,1o8qe5j1g8k
24,612959,おはようございます,2021-05-18T02:34:54+09:00,channel,"{'id': 21, 'name': '240', 'image_url': 'https://dqd0jw5gvbchn.cloudfront.net/yell/21/4672e33ca0c66f2e0f74e7cbc210b4389b2a1ed6.png', 'image_url_small': '', 'animation_url': '', 'points': 300, 'yells': 240, 'ticker_seconds': 15, 'channel': None}","{'id': 'mobu5130', 'registered_user_id': True, 'openrec_user_id': 3217132, 'recxuser_id': 731332942, 'nickname': 'もぶ', 'introduction': '', 'icon_image_url': '', 'l_icon_image_url': '', 'cover_image_url': '', 'l_cover_image_url': '', 'follows': 8, 'followers': 0, 'is_premium': False, 'is_official': False, 'is_fresh': False, 'is_warned': False, 'is_team': False, 'is_league_yell': False, 'is_live': False, 'is_stats_hidden': False, 'live_views': 0, 'is_viewers_hidden': True, 'registered_at': '2020-06-14T17:46:57+09:00', 'last_updated_at': None, 'signed_in_with_facebook': None, 'signed_in_with_twitter': None, 'signed_in_with_google': None, 'signed_in_with_yahoo': None, 'signed_in_with_apple': None, 'user_status': 'bang', 'is_creator': False, 'premium_start_at': None, 'premium_charge_type': None, 'premium_payment_status': None, 'has_ppv_permission': None, 'has_active_email_token': None, 'email': None, 'pending_email': None, 'twitter_screen_name': None, 'hidden_channels': None, 'has_confirmed_email': True, 'is_approved_account': True, 'blacklist_count': None, 'blacklist_limit': None}","{'id': 'sagara_mayu', 'registered_user_id': True, 'openrec_user_id': 3758330, 'recxuser_id': 823666191, 'nickname': '相良茉優のFUN！FAN！FACTORY', 'introduction': '毎週月曜日配信の相良茉優がファンと一緒に楽しいことを作っていく番組です！\n\n番組推奨ハッシュタグ「#さがらFFF」\n是非ハッシュタグを付けて番組や相良茉優について呟いてください！\n\n「Discord」にてサブスク限定コミュニティも運営中！\n以下より連携方法をご確認ください。\nhttps://openrecnext.amebaownd.com/posts/11101764\n\n▼サブスク特典\nA席\n①メンバー限定放送・アーカイブ見放題\n②(入会初月のみ)翌月10日頃にOPENRECポイント300Pt付与\n③お誕生日月にお名前入り写真プレゼント(集合)※Discordにて前月中に申し込みの必要あり\n\nS席\n①メンバー限定放送・アーカイブ見放題\n②S席・SS席限定オフショット写真プレゼント\n③限定サイン入りチェキを抽選でプレゼント\n④(入会初月のみ)翌月10日頃にOPENRECポイント500Pt付与\n⑤お誕生日月にお名前入り写真プレゼント(個別)※Discordにて前月中に申し込みの必要あり\n\nSS席\n①メンバー限定配信・アーカイブ見放題\n②オフショット写真プレゼント\n③限定サイン入りチェキを抽選でプレゼント\n④視聴者参加型企画参加権利(抽選)\n⑤オフショット動画見放題\n⑥S席・SS席限定オフショット\n⑦(入会初月のみ)翌月10日頃にOPENRECポイント800Pt付与\n⑧お誕生日月にお名前をお呼びしたお祝い動画をプレゼント！\n\u3000(※Discordにて前月までに申し込みの必要あり)\n\n■相良茉優プロフィール\n京都府出身。4月17日生まれ。Digital Double所属。\n「アイドルメモリーズ」梶原未来で初めてのメインキャラを演じ、声優として活動を始める。\n2017年「ラブライブ！虹ヶ咲学園スクールアイドル同好会」で中須かすみに抜擢され、\n同作品のスクールアイドルとして現在放送中のアニメやゲーム・ライブで活動中。\n他にも、アプリ「ひぐらしのなく頃に命」(公由一穂)、アプリ「マギアレコード 魔法少女まどか☆マギカ外伝」(広江ちはる)等、多数作品に出演。2020年春に短編映画「時々は、眠れない夜に」に初めて実写での出演を果たした。\n', 'icon_image_url': 'https://hayabusa.io/openrec-image/user/8236662/823666191_202010211143.w90.ttl3600.png?format=png', 'l_icon_image_url': 'https://hayabusa.io/openrec-image/user/8236662/823666191_202010211143.w320.ttl3600.png?format=png', 'cover_image_url': 'https://hayabusa.io/openrec-image/user_background/8236662/823666191_202010211143.w210.ttl3600.png?format=png', 'l_cover_image_url': 'https://dqd0jw5gvbchn.cloudfront.net/user_background/8236662/823666191_202010211143.png', 'follows': 2, 'followers': 3677, 'is_premium': True, 'is_official': True, 'is_fresh': False, 'is_warned': False, 'is_team': False, 'is_league_yell': False, 'is_live': False, 'is_stats_hidden': False, 'live_views': 0, 'is_viewers_hidden': True, 'registered_at': '2020-10-19T20:34:04+09:00', 'last_updated_at': '2021-11-13T20:00:01+09:00', 'signed_in_with_facebook': None, 'signed_in_with_twitter': None, 'signed_in_with_google': None, 'signed_in_with_yahoo': None, 'signed_in_with_apple': None, 'user_status': 'special', 'is_creator': True, 'premium_start_at': None, 'premium_charge_type': None, 'premium_payment_status': None, 'has_ppv_permission': None, 'has_active_email_token': None, 'email': None, 'pending_email': None, 'twitter_screen_name': None, 'hidden_channels': None, 'has_confirmed_email': True, 'is_approved_account': True, 'blacklist_count': None, 'blacklist_limit': None}","{'name_color': '#FFEC00', 'is_premium_hidden': False, 'is_official_hidden': False, 'is_subs_badge_hidden': False, 'is_subs_duration_hidden': False}",False,False,False,False,461920976,"[{'id': 1574, 'image_url': 'https://dqd0jw5gvbchn.cloudfront.net/badge/subscription/template/a9c440f7-c013-36a3-4484-3e412f520cc7.png', 'label': 'SS席', 'type': 'subscription', 'subscription': {'months': 13, 'tier': 2}}]",21,240,https://dqd0jw5gvbchn.cloudfront.net/yell/21/4672e33ca0c66f2e0f74e7cbc210b4389b2a1ed6.png,,,300,240,15,,mobu5130,True,3217132,731332942,もぶ,,,,,,8,0,False,False,False,False,False,False,False,False,0,True,2020-06-14T17:46:57+09:00,,,,,,,bang,False,,,,,,,,,,True,True,,,1o8qe5j1g8k
25,612958,ウイポのサムネ3パターン完成しました 配信ちゃんと見始めます,2021-05-18T02:34:25+09:00,channel,"{'id': 299, 'name': 'FES01', 'image_url': 'https://dqd0jw5gvbchn.cloudfront.net/yell/299/e40290c7cec606f0f867813e7a224bad976e2fac.gif', 'image_url_small': '', 'animation_url': '', 'points': 200, 'yells': 160, 'ticker_seconds': 15, 'channel': None}","{'id': 'shou0419', 'registered_user_id': True, 'openrec_user_id': 2105516, 'recxuser_id': 481811987, 'nickname': 'しょう(モルモット)', 'introduction': '', 'icon_image_url': 'https://hayabusa.io/openrec-image/user/4818120/481811987.w90.ttl3600.v1623711991.png?format=png', 'l_icon_image_url': 'https://hayabusa.io/openrec-image/user/4818120/481811987.w320.ttl3600.v1623711991.png?format=png', 'cover_image_url': 'https://hayabusa.io/openrec-image/user_background/4818120/481811987_cover.w210.ttl3600.v1566279468.png?format=png', 'l_cover_image_url': 'https://dqd0jw5gvbchn.cloudfront.net/user_background/4818120/481811987_cover.png?1566279468', 'follows': 1, 'followers': 0, 'is_premium': False, 'is_official': False, 'is_fresh': False, 'is_warned': False, 'is_team': False, 'is_league_yell': False, 'is_live': False, 'is_stats_hidden': False, 'live_views': 0, 'is_viewers_hidden': True, 'registered_at': '2019-07-09T01:15:12+09:00', 'last_updated_at': None, 'signed_in_with_facebook': None, 'signed_in_with_twitter': None, 'signed_in_with_google': None, 'signed_in_with_yahoo': None, 'signed_in_with_apple': None, 'user_status': 'publish', 'is_creator': False, 'premium_start_at': None, 'premium_charge_type': None, 'premium_payment_status': None, 'has_ppv_permission': None, 'has_active_email_token': None, 'email': None, 'pending_email': None, 'twitter_screen_name': None, 'hidden_channels': None, 'has_confirmed_email': True, 'is_approved_account': True, 'blacklist_count': None, 'blacklist_limit': None}","{'id': 'sagara_mayu', 'registered_user_id': True, 'openrec_user_id': 3758330, 'recxuser_id': 823666191, 'nickname': '相良茉優のFUN！FAN！FACTORY', 'introduction': '毎週月曜日配信の相良茉優がファンと一緒に楽しいことを作っていく番組です！\n\n番組推奨ハッシュタグ「#さがらFFF」\n是非ハッシュタグを付けて番組や相良茉優について呟いてください！\n\n「Discord」にてサブスク限定コミュニティも運営中！\n以下より連携方法をご確認ください。\nhttps://openrecnext.amebaownd.com/posts/11101764\n\n▼サブスク特典\nA席\n①メンバー限定放送・アーカイブ見放題\n②(入会初月のみ)翌月10日頃にOPENRECポイント300Pt付与\n③お誕生日月にお名前入り写真プレゼント(集合)※Discordにて前月中に申し込みの必要あり\n\nS席\n①メンバー限定放送・アーカイブ見放題\n②S席・SS席限定オフショット写真プレゼント\n③限定サイン入りチェキを抽選でプレゼント\n④(入会初月のみ)翌月10日頃にOPENRECポイント500Pt付与\n⑤お誕生日月にお名前入り写真プレゼント(個別)※Discordにて前月中に申し込みの必要あり\n\nSS席\n①メンバー限定配信・アーカイブ見放題\n②オフショット写真プレゼント\n③限定サイン入りチェキを抽選でプレゼント\n④視聴者参加型企画参加権利(抽選)\n⑤オフショット動画見放題\n⑥S席・SS席限定オフショット\n⑦(入会初月のみ)翌月10日頃にOPENRECポイント800Pt付与\n⑧お誕生日月にお名前をお呼びしたお祝い動画をプレゼント！\n\u3000(※Discordにて前月までに申し込みの必要あり)\n\n■相良茉優プロフィール\n京都府出身。4月17日生まれ。Digital Double所属。\n「アイドルメモリーズ」梶原未来で初めてのメインキャラを演じ、声優として活動を始める。\n2017年「ラブライブ！虹ヶ咲学園スクールアイドル同好会」で中須かすみに抜擢され、\n同作品のスクールアイドルとして現在放送中のアニメやゲーム・ライブで活動中。\n他にも、アプリ「ひぐらしのなく頃に命」(公由一穂)、アプリ「マギアレコード 魔法少女まどか☆マギカ外伝」(広江ちはる)等、多数作品に出演。2020年春に短編映画「時々は、眠れない夜に」に初めて実写での出演を果たした。\n', 'icon_image_url': 'https://hayabusa.io/openrec-image/user/8236662/823666191_202010211143.w90.ttl3600.png?format=png', 'l_icon_image_url': 'https://hayabusa.io/openrec-image/user/8236662/823666191_202010211143.w320.ttl3600.png?format=png', 'cover_image_url': 'https://hayabusa.io/openrec-image/user_background/8236662/823666191_202010211143.w210.ttl3600.png?format=png', 'l_cover_image_url': 'https://dqd0jw5gvbchn.cloudfront.net/user_background/8236662/823666191_202010211143.png', 'follows': 2, 'followers': 3677, 'is_premium': True, 'is_official': True, 'is_fresh': False, 'is_warned': False, 'is_team': False, 'is_league_yell': False, 'is_live': False, 'is_stats_hidden': False, 'live_views': 0, 'is_viewers_hidden': True, 'registered_at': '2020-10-19T20:34:04+09:00', 'last_updated_at': '2021-11-13T20:00:01+09:00', 'signed_in_with_facebook': None, 'signed_in_with_twitter': None, 'signed_in_with_google': None, 'signed_in_with_yahoo': None, 'signed_in_with_apple': None, 'user_status': 'special', 'is_creator': True, 'premium_start_at': None, 'premium_charge_type': None, 'premium_payment_status': None, 'has_ppv_permission': None, 'has_active_email_token': None, 'email': None, 'pending_email': None, 'twitter_screen_name': None, 'hidden_channels': None, 'has_confirmed_email': True, 'is_approved_account': True, 'blacklist_count': None, 'blacklist_limit': None}","{'name_color': '#B6FF59', 'is_premium_hidden': False, 'is_official_hidden': False, 'is_subs_badge_hidden': False, 'is_subs_duration_hidden': False}",False,False,False,False,461920898,"[{'id': 1574, 'image_url': 'https://dqd0jw5gvbchn.cloudfront.net/badge/subscription/template/a9c440f7-c013-36a3-4484-3e412f520cc7.png', 'label': 'SS席', 'type': 'subscription', 'subscription': {'months': 12, 'tier': 2}}]",299,FES01,https://dqd0jw5gvbchn.cloudfront.net/yell/299/e40290c7cec606f0f867813e7a224bad976e2fac.gif,,,200,160,15,,shou0419,True,2105516,481811987,しょう(モルモット),,https://hayabusa.io/openrec-image/user/4818120/481811987.w90.ttl3600.v1623711991.png?format=png,https://hayabusa.io/openrec-image/user/4818120/481811987.w320.ttl3600.v1623711991.png?format=png,https://hayabusa.io/openrec-image/user_background/4818120/481811987_cover.w210.ttl3600.v1566279468.png?format=png,https://dqd0jw5gvbchn.cloudfront.net/user_background/4818120/481811987_cover.png?1566279468,1,0,False,False,False,False,False,False,False,False,0,True,2019-07-09T01:15:12+09:00,,,,,,,publish,False,,,,,,,,,,True,True,,,1o8qe5j1g8k
26,612955,お先に寝ます！夜遅くまで梱包作業お疲れです。相良さんもまつうらさんも健康に気を付けて…,2021-05-18T02:29:18+09:00,channel,"{'id': 299, 'name': 'FES01', 'image_url': 'https://dqd0jw5gvbchn.cloudfront.net/yell/299/e40290c7cec606f0f867813e7a224bad976e2fac.gif', 'image_url_small': '', 'animation_url': '', 'points': 200, 'yells': 160, 'ticker_seconds': 15, 'channel': None}","{'id': 'suiren_335', 'registered_user_id': True, 'openrec_user_id': 3758319, 'recxuser_id': 823664792, 'nickname': '水蓮', 'introduction': '', 'icon_image_url': 'https://hayabusa.io/openrec-image/user/8236648/823664792.w90.ttl3600.v1619523187.png?format=png', 'l_icon_image_url': 'https://hayabusa.io/openrec-image/user/8236648/823664792.w320.ttl3600.v1619523187.png?format=png', 'cover_image_url': '', 'l_cover_image_url': '', 'follows': 7, 'followers': 0, 'is_premium': False, 'is_official': False, 'is_fresh': False, 'is_warned': False, 'is_team': False, 'is_league_yell': False, 'is_live': False, 'is_stats_hidden': False, 'live_views': 0, 'is_viewers_hidden': True, 'registered_at': '2020-10-19T20:31:37+09:00', 'last_updated_at': None, 'signed_in_with_facebook': None, 'signed_in_with_twitter': None, 'signed_in_with_google': None, 'signed_in_with_yahoo': None, 'signed_in_with_apple': None, 'user_status': 'bang', 'is_creator': False, 'premium_start_at': None, 'premium_charge_type': None, 'premium_payment_status': None, 'has_ppv_permission': None, 'has_active_email_token': None, 'email': None, 'pending_email': None, 'twitter_screen_name': None, 'hidden_channels': None, 'has_confirmed_email': True, 'is_approved_account': True, 'blacklist_count': None, 'blacklist_limit': None}","{'id': 'sagara_mayu', 'registered_user_id': True, 'openrec_user_id': 3758330, 'recxuser_id': 823666191, 'nickname': '相良茉優のFUN！FAN！FACTORY', 'introduction': '毎週月曜日配信の相良茉優がファンと一緒に楽しいことを作っていく番組です！\n\n番組推奨ハッシュタグ「#さがらFFF」\n是非ハッシュタグを付けて番組や相良茉優について呟いてください！\n\n「Discord」にてサブスク限定コミュニティも運営中！\n以下より連携方法をご確認ください。\nhttps://openrecnext.amebaownd.com/posts/11101764\n\n▼サブスク特典\nA席\n①メンバー限定放送・アーカイブ見放題\n②(入会初月のみ)翌月10日頃にOPENRECポイント300Pt付与\n③お誕生日月にお名前入り写真プレゼント(集合)※Discordにて前月中に申し込みの必要あり\n\nS席\n①メンバー限定放送・アーカイブ見放題\n②S席・SS席限定オフショット写真プレゼント\n③限定サイン入りチェキを抽選でプレゼント\n④(入会初月のみ)翌月10日頃にOPENRECポイント500Pt付与\n⑤お誕生日月にお名前入り写真プレゼント(個別)※Discordにて前月中に申し込みの必要あり\n\nSS席\n①メンバー限定配信・アーカイブ見放題\n②オフショット写真プレゼント\n③限定サイン入りチェキを抽選でプレゼント\n④視聴者参加型企画参加権利(抽選)\n⑤オフショット動画見放題\n⑥S席・SS席限定オフショット\n⑦(入会初月のみ)翌月10日頃にOPENRECポイント800Pt付与\n⑧お誕生日月にお名前をお呼びしたお祝い動画をプレゼント！\n\u3000(※Discordにて前月までに申し込みの必要あり)\n\n■相良茉優プロフィール\n京都府出身。4月17日生まれ。Digital Double所属。\n「アイドルメモリーズ」梶原未来で初めてのメインキャラを演じ、声優として活動を始める。\n2017年「ラブライブ！虹ヶ咲学園スクールアイドル同好会」で中須かすみに抜擢され、\n同作品のスクールアイドルとして現在放送中のアニメやゲーム・ライブで活動中。\n他にも、アプリ「ひぐらしのなく頃に命」(公由一穂)、アプリ「マギアレコード 魔法少女まどか☆マギカ外伝」(広江ちはる)等、多数作品に出演。2020年春に短編映画「時々は、眠れない夜に」に初めて実写での出演を果たした。\n', 'icon_image_url': 'https://hayabusa.io/openrec-image/user/8236662/823666191_202010211143.w90.ttl3600.png?format=png', 'l_icon_image_url': 'https://hayabusa.io/openrec-image/user/8236662/823666191_202010211143.w320.ttl3600.png?format=png', 'cover_image_url': 'https://hayabusa.io/openrec-image/user_background/8236662/823666191_202010211143.w210.ttl3600.png?format=png', 'l_cover_image_url': 'https://dqd0jw5gvbchn.cloudfront.net/user_background/8236662/823666191_202010211143.png', 'follows': 2, 'followers': 3677, 'is_premium': True, 'is_official': True, 'is_fresh': False, 'is_warned': False, 'is_team': False, 'is_league_yell': False, 'is_live': False, 'is_stats_hidden': False, 'live_views': 0, 'is_viewers_hidden': True, 'registered_at': '2020-10-19T20:34:04+09:00', 'last_updated_at': '2021-11-13T20:00:01+09:00', 'signed_in_with_facebook': None, 'signed_in_with_twitter': None, 'signed_in_with_google': None, 'signed_in_with_yahoo': None, 'signed_in_with_apple': None, 'user_status': 'special', 'is_creator': True, 'premium_start_at': None, 'premium_charge_type': None, 'premium_payment_status': None, 'has_ppv_permission': None, 'has_active_email_token': None, 'email': None, 'pending_email': None, 'twitter_screen_name': None, 'hidden_channels': None, 'has_confirmed_email': True, 'is_approved_account': True, 'blacklist_count': None, 'blacklist_limit': None}","{'name_color': '#FFEC00', 'is_premium_hidden': False, 'is_official_hidden': False, 'is_subs_badge_hidden': False, 'is_subs_duration_hidden': False}",False,False,False,False,461919944,"[{'id': 1574, 'image_url': 'https://dqd0jw5gvbchn.cloudfront.net/badge/subscription/template/a9c440f7-c013-36a3-4484-3e412f520cc7.png', 'label': 'SS席', 'type': 'subscription', 'subscription': {'months': 13, 'tier': 2}}]",299,FES01,https://dqd0jw5gvbchn.cloudfront.net/yell/299/e40290c7cec606f0f867813e7a224bad976e2fac.gif,,,200,160,15,,suiren_335,True,3758319,823664792,水蓮,,https://hayabusa.io/openrec-image/user/8236648/823664792.w90.ttl3600.v1619523187.png?format=png,https://hayabusa.io/openrec-image/user/8236648/823664792.w320.ttl3600.v1619523187.png?format=png,,,7,0,False,False,False,False,False,False,False,False,0,True,2020-10-19T20:31:37+09:00,,,,,,,bang,False,,,,,,,,,,True,True,,,1o8qe5j1g8k
27,612953,寝落ちする前に投げときます！限界まで見ますね！こんな時間までお疲れ様です！,2021-05-18T02:26:28+09:00,channel,"{'id': 299, 'name': 'FES01', 'image_url': 'https://dqd0jw5gvbchn.cloudfront.net/yell/299/e40290c7cec606f0f867813e7a224bad976e2fac.gif', 'image_url_small': '', 'animation_url': '', 'points': 200, 'yells': 160, 'ticker_seconds': 15, 'channel': None}","{'id': 'yumoyans', 'registered_user_id': True, 'openrec_user_id': 1382479, 'recxuser_id': 219049408, 'nickname': 'ゆもやん', 'introduction': '', 'icon_image_url': 'https://hayabusa.io/openrec-image/user/2190495/219049408.w90.ttl3600.v1605531489.png?format=png', 'l_icon_image_url': 'https://hayabusa.io/openrec-image/user/2190495/219049408.w320.ttl3600.v1605531489.png?format=png', 'cover_image_url': '', 'l_cover_image_url': '', 'follows': 5, 'followers': 0, 'is_premium': False, 'is_official': False, 'is_fresh': False, 'is_warned': False, 'is_team': False, 'is_league_yell': False, 'is_live': False, 'is_stats_hidden': False, 'live_views': 0, 'is_viewers_hidden': True, 'registered_at': '2018-04-24T19:27:37+09:00', 'last_updated_at': None, 'signed_in_with_facebook': None, 'signed_in_with_twitter': None, 'signed_in_with_google': None, 'signed_in_with_yahoo': None, 'signed_in_with_apple': None, 'user_status': 'bang', 'is_creator': False, 'premium_start_at': None, 'premium_charge_type': None, 'premium_payment_status': None, 'has_ppv_permission': None, 'has_active_email_token': None, 'email': None, 'pending_email': None, 'twitter_screen_name': None, 'hidden_channels': None, 'has_confirmed_email': True, 'is_approved_account': True, 'blacklist_count': None, 'blacklist_limit': None}","{'id': 'sagara_mayu', 'registered_user_id': True, 'openrec_user_id': 3758330, 'recxuser_id': 823666191, 'nickname': '相良茉優のFUN！FAN！FACTORY', 'introduction': '毎週月曜日配信の相良茉優がファンと一緒に楽しいことを作っていく番組です！\n\n番組推奨ハッシュタグ「#さがらFFF」\n是非ハッシュタグを付けて番組や相良茉優について呟いてください！\n\n「Discord」にてサブスク限定コミュニティも運営中！\n以下より連携方法をご確認ください。\nhttps://openrecnext.amebaownd.com/posts/11101764\n\n▼サブスク特典\nA席\n①メンバー限定放送・アーカイブ見放題\n②(入会初月のみ)翌月10日頃にOPENRECポイント300Pt付与\n③お誕生日月にお名前入り写真プレゼント(集合)※Discordにて前月中に申し込みの必要あり\n\nS席\n①メンバー限定放送・アーカイブ見放題\n②S席・SS席限定オフショット写真プレゼント\n③限定サイン入りチェキを抽選でプレゼント\n④(入会初月のみ)翌月10日頃にOPENRECポイント500Pt付与\n⑤お誕生日月にお名前入り写真プレゼント(個別)※Discordにて前月中に申し込みの必要あり\n\nSS席\n①メンバー限定配信・アーカイブ見放題\n②オフショット写真プレゼント\n③限定サイン入りチェキを抽選でプレゼント\n④視聴者参加型企画参加権利(抽選)\n⑤オフショット動画見放題\n⑥S席・SS席限定オフショット\n⑦(入会初月のみ)翌月10日頃にOPENRECポイント800Pt付与\n⑧お誕生日月にお名前をお呼びしたお祝い動画をプレゼント！\n\u3000(※Discordにて前月までに申し込みの必要あり)\n\n■相良茉優プロフィール\n京都府出身。4月17日生まれ。Digital Double所属。\n「アイドルメモリーズ」梶原未来で初めてのメインキャラを演じ、声優として活動を始める。\n2017年「ラブライブ！虹ヶ咲学園スクールアイドル同好会」で中須かすみに抜擢され、\n同作品のスクールアイドルとして現在放送中のアニメやゲーム・ライブで活動中。\n他にも、アプリ「ひぐらしのなく頃に命」(公由一穂)、アプリ「マギアレコード 魔法少女まどか☆マギカ外伝」(広江ちはる)等、多数作品に出演。2020年春に短編映画「時々は、眠れない夜に」に初めて実写での出演を果たした。\n', 'icon_image_url': 'https://hayabusa.io/openrec-image/user/8236662/823666191_202010211143.w90.ttl3600.png?format=png', 'l_icon_image_url': 'https://hayabusa.io/openrec-image/user/8236662/823666191_202010211143.w320.ttl3600.png?format=png', 'cover_image_url': 'https://hayabusa.io/openrec-image/user_background/8236662/823666191_202010211143.w210.ttl3600.png?format=png', 'l_cover_image_url': 'https://dqd0jw5gvbchn.cloudfront.net/user_background/8236662/823666191_202010211143.png', 'follows': 2, 'followers': 3677, 'is_premium': True, 'is_official': True, 'is_fresh': False, 'is_warned': False, 'is_team': False, 'is_league_yell': False, 'is_live': False, 'is_stats_hidden': False, 'live_views': 0, 'is_viewers_hidden': True, 'registered_at': '2020-10-19T20:34:04+09:00', 'last_updated_at': '2021-11-13T20:00:01+09:00', 'signed_in_with_facebook': None, 'signed_in_with_twitter': None, 'signed_in_with_google': None, 'signed_in_with_yahoo': None, 'signed_in_with_apple': None, 'user_status': 'special', 'is_creator': True, 'premium_start_at': None, 'premium_charge_type': None, 'premium_payment_status': None, 'has_ppv_permission': None, 'has_active_email_token': None, 'email': None, 'pending_email': None, 'twitter_screen_name': None, 'hidden_channels': None, 'has_confirmed_email': True, 'is_approved_account': True, 'blacklist_count': None, 'blacklist_limit': None}","{'name_color': '#4DF77A', 'is_premium_hidden': False, 'is_official_hidden': False, 'is_subs_badge_hidden': False, 'is_subs_duration_hidden': False}",False,False,False,False,461919506,"[{'id': 1574, 'image_url': 'https://dqd0jw5gvbchn.cloudfront.net/badge/subscription/template/a9c440f7-c013-36a3-4484-3e412f520cc7.png', 'label': 'SS席', 'type': 'subscription', 'subscription': {'months': 13, 'tier': 2}}]",299,FES01,https://dqd0jw5gvbchn.cloudfront.net/yell/299/e40290c7cec606f0f867813e7a224bad976e2fac.gif,,,200,160,15,,yumoyans,True,1382479,219049408,ゆもやん,,https://hayabusa.io/openrec-image/user/2190495/219049408.w90.ttl3600.v1605531489.png?format=png,https://hayabusa.io/openrec-image/user/2190495/219049408.w320.ttl3600.v1605531489.png?format=png,,,5,0,False,False,False,False,False,False,False,False,0,True,2018-04-24T19:27:37+09:00,,,,,,,bang,False,,,,,,,,,,True,True,,,1o8qe5j1g8k
28,612948,３ｒｄで改めて、相良さんとかすみんを推そうと思いました,2021-05-18T02:22:25+09:00,channel,"{'id': 299, 'name': 'FES01', 'image_url': 'https://dqd0jw5gvbchn.cloudfront.net/yell/299/e40290c7cec606f0f867813e7a224bad976e2fac.gif', 'image_url_small': '', 'animation_url': '', 'points': 200, 'yells': 160, 'ticker_seconds': 15, 'channel': None}","{'id': 'PEPE87PEPE', 'registered_user_id': True, 'openrec_user_id': 3925625, 'recxuser_id': 871552568, 'nickname': 'やまいも', 'introduction': '', 'icon_image_url': 'https://hayabusa.io/openrec-image/user/8715526/871552568.w90.ttl3600.v1609156478.png?format=png', 'l_icon_image_url': 'https://hayabusa.io/openrec-image/user/8715526/871552568.w320.ttl3600.v1609156478.png?format=png', 'cover_image_url': '', 'l_cover_image_url': '', 'follows': 2, 'followers': 0, 'is_premium': False, 'is_official': False, 'is_fresh': False, 'is_warned': False, 'is_team': False, 'is_league_yell': False, 'is_live': False, 'is_stats_hidden': False, 'live_views': 0, 'is_viewers_hidden': True, 'registered_at': '2020-12-28T20:54:38+09:00', 'last_updated_at': None, 'signed_in_with_facebook': None, 'signed_in_with_twitter': None, 'signed_in_with_google': None, 'signed_in_with_yahoo': None, 'signed_in_with_apple': None, 'user_status': 'bang', 'is_creator': False, 'premium_start_at': None, 'premium_charge_type': None, 'premium_payment_status': None, 'has_ppv_permission': None, 'has_active_email_token': None, 'email': None, 'pending_email': None, 'twitter_screen_name': None, 'hidden_channels': None, 'has_confirmed_email': True, 'is_approved_account': True, 'blacklist_count': None, 'blacklist_limit': None}","{'id': 'sagara_mayu', 'registered_user_id': True, 'openrec_user_id': 3758330, 'recxuser_id': 823666191, 'nickname': '相良茉優のFUN！FAN！FACTORY', 'introduction': '毎週月曜日配信の相良茉優がファンと一緒に楽しいことを作っていく番組です！\n\n番組推奨ハッシュタグ「#さがらFFF」\n是非ハッシュタグを付けて番組や相良茉優について呟いてください！\n\n「Discord」にてサブスク限定コミュニティも運営中！\n以下より連携方法をご確認ください。\nhttps://openrecnext.amebaownd.com/posts/11101764\n\n▼サブスク特典\nA席\n①メンバー限定放送・アーカイブ見放題\n②(入会初月のみ)翌月10日頃にOPENRECポイント300Pt付与\n③お誕生日月にお名前入り写真プレゼント(集合)※Discordにて前月中に申し込みの必要あり\n\nS席\n①メンバー限定放送・アーカイブ見放題\n②S席・SS席限定オフショット写真プレゼント\n③限定サイン入りチェキを抽選でプレゼント\n④(入会初月のみ)翌月10日頃にOPENRECポイント500Pt付与\n⑤お誕生日月にお名前入り写真プレゼント(個別)※Discordにて前月中に申し込みの必要あり\n\nSS席\n①メンバー限定配信・アーカイブ見放題\n②オフショット写真プレゼント\n③限定サイン入りチェキを抽選でプレゼント\n④視聴者参加型企画参加権利(抽選)\n⑤オフショット動画見放題\n⑥S席・SS席限定オフショット\n⑦(入会初月のみ)翌月10日頃にOPENRECポイント800Pt付与\n⑧お誕生日月にお名前をお呼びしたお祝い動画をプレゼント！\n\u3000(※Discordにて前月までに申し込みの必要あり)\n\n■相良茉優プロフィール\n京都府出身。4月17日生まれ。Digital Double所属。\n「アイドルメモリーズ」梶原未来で初めてのメインキャラを演じ、声優として活動を始める。\n2017年「ラブライブ！虹ヶ咲学園スクールアイドル同好会」で中須かすみに抜擢され、\n同作品のスクールアイドルとして現在放送中のアニメやゲーム・ライブで活動中。\n他にも、アプリ「ひぐらしのなく頃に命」(公由一穂)、アプリ「マギアレコード 魔法少女まどか☆マギカ外伝」(広江ちはる)等、多数作品に出演。2020年春に短編映画「時々は、眠れない夜に」に初めて実写での出演を果たした。\n', 'icon_image_url': 'https://hayabusa.io/openrec-image/user/8236662/823666191_202010211143.w90.ttl3600.png?format=png', 'l_icon_image_url': 'https://hayabusa.io/openrec-image/user/8236662/823666191_202010211143.w320.ttl3600.png?format=png', 'cover_image_url': 'https://hayabusa.io/openrec-image/user_background/8236662/823666191_202010211143.w210.ttl3600.png?format=png', 'l_cover_image_url': 'https://dqd0jw5gvbchn.cloudfront.net/user_background/8236662/823666191_202010211143.png', 'follows': 2, 'followers': 3677, 'is_premium': True, 'is_official': True, 'is_fresh': False, 'is_warned': False, 'is_team': False, 'is_league_yell': False, 'is_live': False, 'is_stats_hidden': False, 'live_views': 0, 'is_viewers_hidden': True, 'registered_at': '2020-10-19T20:34:04+09:00', 'last_updated_at': '2021-11-13T20:00:01+09:00', 'signed_in_with_facebook': None, 'signed_in_with_twitter': None, 'signed_in_with_google': None, 'signed_in_with_yahoo': None, 'signed_in_with_apple': None, 'user_status': 'special', 'is_creator': True, 'premium_start_at': None, 'premium_charge_type': None, 'premium_payment_status': None, 'has_ppv_permission': None, 'has_active_email_token': None, 'email': None, 'pending_email': None, 'twitter_screen_name': None, 'hidden_channels': None, 'has_confirmed_email': True, 'is_approved_account': True, 'blacklist_count': None, 'blacklist_limit': None}","{'name_color': '#4DF77A', 'is_premium_hidden': False, 'is_official_hidden': False, 'is_subs_badge_hidden': False, 'is_subs_duration_hidden': False}",False,False,False,False,461918892,"[{'id': 1574, 'image_url': 'https://dqd0jw5gvbchn.cloudfront.net/badge/subscription/template/a9c440f7-c013-36a3-4484-3e412f520cc7.png', 'label': 'SS席', 'type': 'subscription', 'subscription': {'months': 11, 'tier': 2}}]",299,FES01,https://dqd0jw5gvbchn.cloudfront.net/yell/299/e40290c7cec606f0f867813e7a224bad976e2fac.gif,,,200,160,15,,PEPE87PEPE,True,3925625,871552568,やまいも,,https://hayabusa.io/openrec-image/user/8715526/871552568.w90.ttl3600.v1609156478.png?format=png,https://hayabusa.io/openrec-image/user/8715526/871552568.w320.ttl3600.v1609156478.png?format=png,,,2,0,False,False,False,False,False,False,False,False,0,True,2020-12-28T20:54:38+09:00,,,,,,,bang,False,,,,,,,,,,True,True,,,1o8qe5j1g8k
29,612942,さっき転送屋でCDを貰うことを報告しました~,2021-05-18T02:11:31+09:00,channel,"{'id': 299, 'name': 'FES01', 'image_url': 'https://dqd0jw5gvbchn.cloudfront.net/yell/299/e40290c7cec606f0f867813e7a224bad976e2fac.gif', 'image_url_small': '', 'animation_url': '', 'points': 200, 'yells': 160, 'ticker_seconds': 15, 'channel': None}","{'id': 'KoizumiKuro_HK', 'registered_user_id': True, 'openrec_user_id': 3761245, 'recxuser_id': 825112534, 'nickname': '小泉くろ', 'introduction': '推しの為にここに来た(｀・ω・´)\nよろしくお願いしますね', 'icon_image_url': 'https://hayabusa.io/openrec-image/user/8251126/825112534.w90.ttl3600.v1614359322.png?format=png', 'l_icon_image_url': 'https://hayabusa.io/openrec-image/user/8251126/825112534.w320.ttl3600.v1614359322.png?format=png', 'cover_image_url': 'https://hayabusa.io/openrec-image/user_background/8251126/825112534_cover.w210.ttl3600.v1614359322.png?format=png', 'l_cover_image_url': 'https://dqd0jw5gvbchn.cloudfront.net/user_background/8251126/825112534_cover.png?1614359322', 'follows': 5, 'followers': 3, 'is_premium': True, 'is_official': False, 'is_fresh': False, 'is_warned': False, 'is_team': False, 'is_league_yell': False, 'is_live': False, 'is_stats_hidden': False, 'live_views': 0, 'is_viewers_hidden': True, 'registered_at': '2020-10-21T23:09:42+09:00', 'last_updated_at': None, 'signed_in_with_facebook': None, 'signed_in_with_twitter': None, 'signed_in_with_google': None, 'signed_in_with_yahoo': None, 'signed_in_with_apple': None, 'user_status': 'bang', 'is_creator': False, 'premium_start_at': None, 'premium_charge_type': None, 'premium_payment_status': None, 'has_ppv_permission': None, 'has_active_email_token': None, 'email': None, 'pending_email': None, 'twitter_screen_name': None, 'hidden_channels': None, 'has_confirmed_email': True, 'is_approved_account': True, 'blacklist_count': None, 'blacklist_limit': None}","{'id': 'sagara_mayu', 'registered_user_id': True, 'openrec_user_id': 3758330, 'recxuser_id': 823666191, 'nickname': '相良茉優のFUN！FAN！FACTORY', 'introduction': '毎週月曜日配信の相良茉優がファンと一緒に楽しいことを作っていく番組です！\n\n番組推奨ハッシュタグ「#さがらFFF」\n是非ハッシュタグを付けて番組や相良茉優について呟いてください！\n\n「Discord」にてサブスク限定コミュニティも運営中！\n以下より連携方法をご確認ください。\nhttps://openrecnext.amebaownd.com/posts/11101764\n\n▼サブスク特典\nA席\n①メンバー限定放送・アーカイブ見放題\n②(入会初月のみ)翌月10日頃にOPENRECポイント300Pt付与\n③お誕生日月にお名前入り写真プレゼント(集合)※Discordにて前月中に申し込みの必要あり\n\nS席\n①メンバー限定放送・アーカイブ見放題\n②S席・SS席限定オフショット写真プレゼント\n③限定サイン入りチェキを抽選でプレゼント\n④(入会初月のみ)翌月10日頃にOPENRECポイント500Pt付与\n⑤お誕生日月にお名前入り写真プレゼント(個別)※Discordにて前月中に申し込みの必要あり\n\nSS席\n①メンバー限定配信・アーカイブ見放題\n②オフショット写真プレゼント\n③限定サイン入りチェキを抽選でプレゼント\n④視聴者参加型企画参加権利(抽選)\n⑤オフショット動画見放題\n⑥S席・SS席限定オフショット\n⑦(入会初月のみ)翌月10日頃にOPENRECポイント800Pt付与\n⑧お誕生日月にお名前をお呼びしたお祝い動画をプレゼント！\n\u3000(※Discordにて前月までに申し込みの必要あり)\n\n■相良茉優プロフィール\n京都府出身。4月17日生まれ。Digital Double所属。\n「アイドルメモリーズ」梶原未来で初めてのメインキャラを演じ、声優として活動を始める。\n2017年「ラブライブ！虹ヶ咲学園スクールアイドル同好会」で中須かすみに抜擢され、\n同作品のスクールアイドルとして現在放送中のアニメやゲーム・ライブで活動中。\n他にも、アプリ「ひぐらしのなく頃に命」(公由一穂)、アプリ「マギアレコード 魔法少女まどか☆マギカ外伝」(広江ちはる)等、多数作品に出演。2020年春に短編映画「時々は、眠れない夜に」に初めて実写での出演を果たした。\n', 'icon_image_url': 'https://hayabusa.io/openrec-image/user/8236662/823666191_202010211143.w90.ttl3600.png?format=png', 'l_icon_image_url': 'https://hayabusa.io/openrec-image/user/8236662/823666191_202010211143.w320.ttl3600.png?format=png', 'cover_image_url': 'https://hayabusa.io/openrec-image/user_background/8236662/823666191_202010211143.w210.ttl3600.png?format=png', 'l_cover_image_url': 'https://dqd0jw5gvbchn.cloudfront.net/user_background/8236662/823666191_202010211143.png', 'follows': 2, 'followers': 3677, 'is_premium': True, 'is_official': True, 'is_fresh': False, 'is_warned': False, 'is_team': False, 'is_league_yell': False, 'is_live': False, 'is_stats_hidden': False, 'live_views': 0, 'is_viewers_hidden': True, 'registered_at': '2020-10-19T20:34:04+09:00', 'last_updated_at': '2021-11-13T20:00:01+09:00', 'signed_in_with_facebook': None, 'signed_in_with_twitter': None, 'signed_in_with_google': None, 'signed_in_with_yahoo': None, 'signed_in_with_apple': None, 'user_status': 'special', 'is_creator': True, 'premium_start_at': None, 'premium_charge_type': None, 'premium_payment_status': None, 'has_ppv_permission': None, 'has_active_email_token': None, 'email': None, 'pending_email': None, 'twitter_screen_name': None, 'hidden_channels': None, 'has_confirmed_email': True, 'is_approved_account': True, 'blacklist_count': None, 'blacklist_limit': None}","{'name_color': '#34AEF6', 'is_premium_hidden': False, 'is_official_hidden': False, 'is_subs_badge_hidden': False, 'is_subs_duration_hidden': False}",False,False,False,False,461916922,"[{'id': 1574, 'image_url': 'https://dqd0jw5gvbchn.cloudfront.net/badge/subscription/template/a9c440f7-c013-36a3-4484-3e412f520cc7.png', 'label': 'SS席', 'type': 'subscription', 'subscription': {'months': 13, 'tier': 2}}]",299,FES01,https://dqd0jw5gvbchn.cloudfront.net/yell/299/e40290c7cec606f0f867813e7a224bad976e2fac.gif,,,200,160,15,,KoizumiKuro_HK,True,3761245,825112534,小泉くろ,"推しの為にここに来た(｀・ω・´)
よろしくお願いしますね",https://hayabusa.io/openrec-image/user/8251126/825112534.w90.ttl3600.v1614359322.png?format=png,https://hayabusa.io/openrec-image/user/8251126/825112534.w320.ttl3600.v1614359322.png?format=png,https://hayabusa.io/openrec-image/user_background/8251126/825112534_cover.w210.ttl3600.v1614359322.png?format=png,https://dqd0jw5gvbchn.cloudfront.net/user_background/8251126/825112534_cover.png?1614359322,5,3,True,False,False,False,False,False,False,False,0,True,2020-10-21T23:09:42+09:00,,,,,,,bang,False,,,,,,,,,,True,True,,,1o8qe5j1g8k
30,612941,また紙の話してる…,2021-05-18T02:10:23+09:00,channel,"{'id': 21, 'name': '240', 'image_url': 'https://dqd0jw5gvbchn.cloudfront.net/yell/21/4672e33ca0c66f2e0f74e7cbc210b4389b2a1ed6.png', 'image_url_small': '', 'animation_url': '', 'points': 300, 'yells': 240, 'ticker_seconds': 15, 'channel': None}","{'id': 'gunsi1525', 'registered_user_id': True, 'openrec_user_id': 854298, 'recxuser_id': 114712079, 'nickname': 'ぐんし(伝説って？)', 'introduction': '', 'icon_image_url': 'https://hayabusa.io/openrec-image/user/1147121/114712079.w90.ttl3600.v1633353968.png?format=png', 'l_icon_image_url': 'https://hayabusa.io/openrec-image/user/1147121/114712079.w320.ttl3600.v1633353968.png?format=png', 'cover_image_url': '', 'l_cover_image_url': '', 'follows': 9, 'followers': 1, 'is_premium': False, 'is_official': False, 'is_fresh': False, 'is_warned': False, 'is_team': False, 'is_league_yell': False, 'is_live': False, 'is_stats_hidden': False, 'live_views': 0, 'is_viewers_hidden': True, 'registered_at': '2017-07-27T13:25:46+09:00', 'last_updated_at': None, 'signed_in_with_facebook': None, 'signed_in_with_twitter': None, 'signed_in_with_google': None, 'signed_in_with_yahoo': None, 'signed_in_with_apple': None, 'user_status': 'bang', 'is_creator': False, 'premium_start_at': None, 'premium_charge_type': None, 'premium_payment_status': None, 'has_ppv_permission': None, 'has_active_email_token': None, 'email': None, 'pending_email': None, 'twitter_screen_name': None, 'hidden_channels': None, 'has_confirmed_email': True, 'is_approved_account': True, 'blacklist_count': None, 'blacklist_limit': None}","{'id': 'sagara_mayu', 'registered_user_id': True, 'openrec_user_id': 3758330, 'recxuser_id': 823666191, 'nickname': '相良茉優のFUN！FAN！FACTORY', 'introduction': '毎週月曜日配信の相良茉優がファンと一緒に楽しいことを作っていく番組です！\n\n番組推奨ハッシュタグ「#さがらFFF」\n是非ハッシュタグを付けて番組や相良茉優について呟いてください！\n\n「Discord」にてサブスク限定コミュニティも運営中！\n以下より連携方法をご確認ください。\nhttps://openrecnext.amebaownd.com/posts/11101764\n\n▼サブスク特典\nA席\n①メンバー限定放送・アーカイブ見放題\n②(入会初月のみ)翌月10日頃にOPENRECポイント300Pt付与\n③お誕生日月にお名前入り写真プレゼント(集合)※Discordにて前月中に申し込みの必要あり\n\nS席\n①メンバー限定放送・アーカイブ見放題\n②S席・SS席限定オフショット写真プレゼント\n③限定サイン入りチェキを抽選でプレゼント\n④(入会初月のみ)翌月10日頃にOPENRECポイント500Pt付与\n⑤お誕生日月にお名前入り写真プレゼント(個別)※Discordにて前月中に申し込みの必要あり\n\nSS席\n①メンバー限定配信・アーカイブ見放題\n②オフショット写真プレゼント\n③限定サイン入りチェキを抽選でプレゼント\n④視聴者参加型企画参加権利(抽選)\n⑤オフショット動画見放題\n⑥S席・SS席限定オフショット\n⑦(入会初月のみ)翌月10日頃にOPENRECポイント800Pt付与\n⑧お誕生日月にお名前をお呼びしたお祝い動画をプレゼント！\n\u3000(※Discordにて前月までに申し込みの必要あり)\n\n■相良茉優プロフィール\n京都府出身。4月17日生まれ。Digital Double所属。\n「アイドルメモリーズ」梶原未来で初めてのメインキャラを演じ、声優として活動を始める。\n2017年「ラブライブ！虹ヶ咲学園スクールアイドル同好会」で中須かすみに抜擢され、\n同作品のスクールアイドルとして現在放送中のアニメやゲーム・ライブで活動中。\n他にも、アプリ「ひぐらしのなく頃に命」(公由一穂)、アプリ「マギアレコード 魔法少女まどか☆マギカ外伝」(広江ちはる)等、多数作品に出演。2020年春に短編映画「時々は、眠れない夜に」に初めて実写での出演を果たした。\n', 'icon_image_url': 'https://hayabusa.io/openrec-image/user/8236662/823666191_202010211143.w90.ttl3600.png?format=png', 'l_icon_image_url': 'https://hayabusa.io/openrec-image/user/8236662/823666191_202010211143.w320.ttl3600.png?format=png', 'cover_image_url': 'https://hayabusa.io/openrec-image/user_background/8236662/823666191_202010211143.w210.ttl3600.png?format=png', 'l_cover_image_url': 'https://dqd0jw5gvbchn.cloudfront.net/user_background/8236662/823666191_202010211143.png', 'follows': 2, 'followers': 3677, 'is_premium': True, 'is_official': True, 'is_fresh': False, 'is_warned': False, 'is_team': False, 'is_league_yell': False, 'is_live': False, 'is_stats_hidden': False, 'live_views': 0, 'is_viewers_hidden': True, 'registered_at': '2020-10-19T20:34:04+09:00', 'last_updated_at': '2021-11-13T20:00:01+09:00', 'signed_in_with_facebook': None, 'signed_in_with_twitter': None, 'signed_in_with_google': None, 'signed_in_with_yahoo': None, 'signed_in_with_apple': None, 'user_status': 'special', 'is_creator': True, 'premium_start_at': None, 'premium_charge_type': None, 'premium_payment_status': None, 'has_ppv_permission': None, 'has_active_email_token': None, 'email': None, 'pending_email': None, 'twitter_screen_name': None, 'hidden_channels': None, 'has_confirmed_email': True, 'is_approved_account': True, 'blacklist_count': None, 'blacklist_limit': None}","{'name_color': '#2468DF', 'is_premium_hidden': False, 'is_official_hidden': False, 'is_subs_badge_hidden': False, 'is_subs_duration_hidden': False}",False,False,False,False,461916731,"[{'id': 1574, 'image_url': 'https://dqd0jw5gvbchn.cloudfront.net/badge/subscription/template/a9c440f7-c013-36a3-4484-3e412f520cc7.png', 'label': 'SS席', 'type': 'subscription', 'subscription': {'months': 13, 'tier': 2}}]",21,240,https://dqd0jw5gvbchn.cloudfront.net/yell/21/4672e33ca0c66f2e0f74e7cbc210b4389b2a1ed6.png,,,300,240,15,,gunsi1525,True,854298,114712079,ぐんし(伝説って？),,https://hayabusa.io/openrec-image/user/1147121/114712079.w90.ttl3600.v1633353968.png?format=png,https://hayabusa.io/openrec-image/user/1147121/114712079.w320.ttl3600.v1633353968.png?format=png,,,9,1,False,False,False,False,False,False,False,False,0,True,2017-07-27T13:25:46+09:00,,,,,,,bang,False,,,,,,,,,,True,True,,,1o8qe5j1g8k
31,612934,ただいま　ノシ,2021-05-18T01:55:10+09:00,channel,"{'id': 299, 'name': 'FES01', 'image_url': 'https://dqd0jw5gvbchn.cloudfront.net/yell/299/e40290c7cec606f0f867813e7a224bad976e2fac.gif', 'image_url_small': '', 'animation_url': '', 'points': 200, 'yells': 160, 'ticker_seconds': 15, 'channel': None}","{'id': 'KoizumiKuro_HK', 'registered_user_id': True, 'openrec_user_id': 3761245, 'recxuser_id': 825112534, 'nickname': '小泉くろ', 'introduction': '推しの為にここに来た(｀・ω・´)\nよろしくお願いしますね', 'icon_image_url': 'https://hayabusa.io/openrec-image/user/8251126/825112534.w90.ttl3600.v1614359322.png?format=png', 'l_icon_image_url': 'https://hayabusa.io/openrec-image/user/8251126/825112534.w320.ttl3600.v1614359322.png?format=png', 'cover_image_url': 'https://hayabusa.io/openrec-image/user_background/8251126/825112534_cover.w210.ttl3600.v1614359322.png?format=png', 'l_cover_image_url': 'https://dqd0jw5gvbchn.cloudfront.net/user_background/8251126/825112534_cover.png?1614359322', 'follows': 5, 'followers': 3, 'is_premium': True, 'is_official': False, 'is_fresh': False, 'is_warned': False, 'is_team': False, 'is_league_yell': False, 'is_live': False, 'is_stats_hidden': False, 'live_views': 0, 'is_viewers_hidden': True, 'registered_at': '2020-10-21T23:09:42+09:00', 'last_updated_at': None, 'signed_in_with_facebook': None, 'signed_in_with_twitter': None, 'signed_in_with_google': None, 'signed_in_with_yahoo': None, 'signed_in_with_apple': None, 'user_status': 'bang', 'is_creator': False, 'premium_start_at': None, 'premium_charge_type': None, 'premium_payment_status': None, 'has_ppv_permission': None, 'has_active_email_token': None, 'email': None, 'pending_email': None, 'twitter_screen_name': None, 'hidden_channels': None, 'has_confirmed_email': True, 'is_approved_account': True, 'blacklist_count': None, 'blacklist_limit': None}","{'id': 'sagara_mayu', 'registered_user_id': True, 'openrec_user_id': 3758330, 'recxuser_id': 823666191, 'nickname': '相良茉優のFUN！FAN！FACTORY', 'introduction': '毎週月曜日配信の相良茉優がファンと一緒に楽しいことを作っていく番組です！\n\n番組推奨ハッシュタグ「#さがらFFF」\n是非ハッシュタグを付けて番組や相良茉優について呟いてください！\n\n「Discord」にてサブスク限定コミュニティも運営中！\n以下より連携方法をご確認ください。\nhttps://openrecnext.amebaownd.com/posts/11101764\n\n▼サブスク特典\nA席\n①メンバー限定放送・アーカイブ見放題\n②(入会初月のみ)翌月10日頃にOPENRECポイント300Pt付与\n③お誕生日月にお名前入り写真プレゼント(集合)※Discordにて前月中に申し込みの必要あり\n\nS席\n①メンバー限定放送・アーカイブ見放題\n②S席・SS席限定オフショット写真プレゼント\n③限定サイン入りチェキを抽選でプレゼント\n④(入会初月のみ)翌月10日頃にOPENRECポイント500Pt付与\n⑤お誕生日月にお名前入り写真プレゼント(個別)※Discordにて前月中に申し込みの必要あり\n\nSS席\n①メンバー限定配信・アーカイブ見放題\n②オフショット写真プレゼント\n③限定サイン入りチェキを抽選でプレゼント\n④視聴者参加型企画参加権利(抽選)\n⑤オフショット動画見放題\n⑥S席・SS席限定オフショット\n⑦(入会初月のみ)翌月10日頃にOPENRECポイント800Pt付与\n⑧お誕生日月にお名前をお呼びしたお祝い動画をプレゼント！\n\u3000(※Discordにて前月までに申し込みの必要あり)\n\n■相良茉優プロフィール\n京都府出身。4月17日生まれ。Digital Double所属。\n「アイドルメモリーズ」梶原未来で初めてのメインキャラを演じ、声優として活動を始める。\n2017年「ラブライブ！虹ヶ咲学園スクールアイドル同好会」で中須かすみに抜擢され、\n同作品のスクールアイドルとして現在放送中のアニメやゲーム・ライブで活動中。\n他にも、アプリ「ひぐらしのなく頃に命」(公由一穂)、アプリ「マギアレコード 魔法少女まどか☆マギカ外伝」(広江ちはる)等、多数作品に出演。2020年春に短編映画「時々は、眠れない夜に」に初めて実写での出演を果たした。\n', 'icon_image_url': 'https://hayabusa.io/openrec-image/user/8236662/823666191_202010211143.w90.ttl3600.png?format=png', 'l_icon_image_url': 'https://hayabusa.io/openrec-image/user/8236662/823666191_202010211143.w320.ttl3600.png?format=png', 'cover_image_url': 'https://hayabusa.io/openrec-image/user_background/8236662/823666191_202010211143.w210.ttl3600.png?format=png', 'l_cover_image_url': 'https://dqd0jw5gvbchn.cloudfront.net/user_background/8236662/823666191_202010211143.png', 'follows': 2, 'followers': 3677, 'is_premium': True, 'is_official': True, 'is_fresh': False, 'is_warned': False, 'is_team': False, 'is_league_yell': False, 'is_live': False, 'is_stats_hidden': False, 'live_views': 0, 'is_viewers_hidden': True, 'registered_at': '2020-10-19T20:34:04+09:00', 'last_updated_at': '2021-11-13T20:00:01+09:00', 'signed_in_with_facebook': None, 'signed_in_with_twitter': None, 'signed_in_with_google': None, 'signed_in_with_yahoo': None, 'signed_in_with_apple': None, 'user_status': 'special', 'is_creator': True, 'premium_start_at': None, 'premium_charge_type': None, 'premium_payment_status': None, 'has_ppv_permission': None, 'has_active_email_token': None, 'email': None, 'pending_email': None, 'twitter_screen_name': None, 'hidden_channels': None, 'has_confirmed_email': True, 'is_approved_account': True, 'blacklist_count': None, 'blacklist_limit': None}","{'name_color': '#34AEF6', 'is_premium_hidden': False, 'is_official_hidden': False, 'is_subs_badge_hidden': False, 'is_subs_duration_hidden': False}",False,False,False,False,461913043,"[{'id': 1574, 'image_url': 'https://dqd0jw5gvbchn.cloudfront.net/badge/subscription/template/a9c440f7-c013-36a3-4484-3e412f520cc7.png', 'label': 'SS席', 'type': 'subscription', 'subscription': {'months': 13, 'tier': 2}}]",299,FES01,https://dqd0jw5gvbchn.cloudfront.net/yell/299/e40290c7cec606f0f867813e7a224bad976e2fac.gif,,,200,160,15,,KoizumiKuro_HK,True,3761245,825112534,小泉くろ,"推しの為にここに来た(｀・ω・´)
よろしくお願いしますね",https://hayabusa.io/openrec-image/user/8251126/825112534.w90.ttl3600.v1614359322.png?format=png,https://hayabusa.io/openrec-image/user/8251126/825112534.w320.ttl3600.v1614359322.png?format=png,https://hayabusa.io/openrec-image/user_background/8251126/825112534_cover.w210.ttl3600.v1614359322.png?format=png,https://dqd0jw5gvbchn.cloudfront.net/user_background/8251126/825112534_cover.png?1614359322,5,3,True,False,False,False,False,False,False,False,0,True,2020-10-21T23:09:42+09:00,,,,,,,bang,False,,,,,,,,,,True,True,,,1o8qe5j1g8k
32,612933,そろそろ寝ます。梱包作業頑張ってください！,2021-05-18T01:50:49+09:00,channel,"{'id': 22, 'name': '400', 'image_url': 'https://dqd0jw5gvbchn.cloudfront.net/yell/22/2e6d5b4895ae00b656a700e2d25ef41e9e2600cd.gif', 'image_url_small': '', 'animation_url': '', 'points': 500, 'yells': 400, 'ticker_seconds': 20, 'channel': None}","{'id': 'makoroki', 'registered_user_id': True, 'openrec_user_id': 3854077, 'recxuser_id': 848112593, 'nickname': 'makorokiP', 'introduction': None, 'icon_image_url': 'https://hayabusa.io/openrec-image/user/8481126/848112593.w90.ttl3600.v1606132910.png?format=png', 'l_icon_image_url': 'https://hayabusa.io/openrec-image/user/8481126/848112593.w320.ttl3600.v1606132910.png?format=png', 'cover_image_url': '', 'l_cover_image_url': '', 'follows': 1, 'followers': 0, 'is_premium': False, 'is_official': False, 'is_fresh': False, 'is_warned': False, 'is_team': False, 'is_league_yell': False, 'is_live': False, 'is_stats_hidden': False, 'live_views': 0, 'is_viewers_hidden': True, 'registered_at': '2020-11-23T21:01:49+09:00', 'last_updated_at': None, 'signed_in_with_facebook': None, 'signed_in_with_twitter': None, 'signed_in_with_google': None, 'signed_in_with_yahoo': None, 'signed_in_with_apple': None, 'user_status': 'bang', 'is_creator': False, 'premium_start_at': None, 'premium_charge_type': None, 'premium_payment_status': None, 'has_ppv_permission': None, 'has_active_email_token': None, 'email': None, 'pending_email': None, 'twitter_screen_name': None, 'hidden_channels': None, 'has_confirmed_email': True, 'is_approved_account': True, 'blacklist_count': None, 'blacklist_limit': None}","{'id': 'sagara_mayu', 'registered_user_id': True, 'openrec_user_id': 3758330, 'recxuser_id': 823666191, 'nickname': '相良茉優のFUN！FAN！FACTORY', 'introduction': '毎週月曜日配信の相良茉優がファンと一緒に楽しいことを作っていく番組です！\n\n番組推奨ハッシュタグ「#さがらFFF」\n是非ハッシュタグを付けて番組や相良茉優について呟いてください！\n\n「Discord」にてサブスク限定コミュニティも運営中！\n以下より連携方法をご確認ください。\nhttps://openrecnext.amebaownd.com/posts/11101764\n\n▼サブスク特典\nA席\n①メンバー限定放送・アーカイブ見放題\n②(入会初月のみ)翌月10日頃にOPENRECポイント300Pt付与\n③お誕生日月にお名前入り写真プレゼント(集合)※Discordにて前月中に申し込みの必要あり\n\nS席\n①メンバー限定放送・アーカイブ見放題\n②S席・SS席限定オフショット写真プレゼント\n③限定サイン入りチェキを抽選でプレゼント\n④(入会初月のみ)翌月10日頃にOPENRECポイント500Pt付与\n⑤お誕生日月にお名前入り写真プレゼント(個別)※Discordにて前月中に申し込みの必要あり\n\nSS席\n①メンバー限定配信・アーカイブ見放題\n②オフショット写真プレゼント\n③限定サイン入りチェキを抽選でプレゼント\n④視聴者参加型企画参加権利(抽選)\n⑤オフショット動画見放題\n⑥S席・SS席限定オフショット\n⑦(入会初月のみ)翌月10日頃にOPENRECポイント800Pt付与\n⑧お誕生日月にお名前をお呼びしたお祝い動画をプレゼント！\n\u3000(※Discordにて前月までに申し込みの必要あり)\n\n■相良茉優プロフィール\n京都府出身。4月17日生まれ。Digital Double所属。\n「アイドルメモリーズ」梶原未来で初めてのメインキャラを演じ、声優として活動を始める。\n2017年「ラブライブ！虹ヶ咲学園スクールアイドル同好会」で中須かすみに抜擢され、\n同作品のスクールアイドルとして現在放送中のアニメやゲーム・ライブで活動中。\n他にも、アプリ「ひぐらしのなく頃に命」(公由一穂)、アプリ「マギアレコード 魔法少女まどか☆マギカ外伝」(広江ちはる)等、多数作品に出演。2020年春に短編映画「時々は、眠れない夜に」に初めて実写での出演を果たした。\n', 'icon_image_url': 'https://hayabusa.io/openrec-image/user/8236662/823666191_202010211143.w90.ttl3600.png?format=png', 'l_icon_image_url': 'https://hayabusa.io/openrec-image/user/8236662/823666191_202010211143.w320.ttl3600.png?format=png', 'cover_image_url': 'https://hayabusa.io/openrec-image/user_background/8236662/823666191_202010211143.w210.ttl3600.png?format=png', 'l_cover_image_url': 'https://dqd0jw5gvbchn.cloudfront.net/user_background/8236662/823666191_202010211143.png', 'follows': 2, 'followers': 3677, 'is_premium': True, 'is_official': True, 'is_fresh': False, 'is_warned': False, 'is_team': False, 'is_league_yell': False, 'is_live': False, 'is_stats_hidden': False, 'live_views': 0, 'is_viewers_hidden': True, 'registered_at': '2020-10-19T20:34:04+09:00', 'last_updated_at': '2021-11-13T20:00:01+09:00', 'signed_in_with_facebook': None, 'signed_in_with_twitter': None, 'signed_in_with_google': None, 'signed_in_with_yahoo': None, 'signed_in_with_apple': None, 'user_status': 'special', 'is_creator': True, 'premium_start_at': None, 'premium_charge_type': None, 'premium_payment_status': None, 'has_ppv_permission': None, 'has_active_email_token': None, 'email': None, 'pending_email': None, 'twitter_screen_name': None, 'hidden_channels': None, 'has_confirmed_email': True, 'is_approved_account': True, 'blacklist_count': None, 'blacklist_limit': None}","{'name_color': '#94FF0D', 'is_premium_hidden': False, 'is_official_hidden': False, 'is_subs_badge_hidden': False, 'is_subs_duration_hidden': False}",False,False,False,False,461912051,"[{'id': 1574, 'image_url': 'https://dqd0jw5gvbchn.cloudfront.net/badge/subscription/template/a9c440f7-c013-36a3-4484-3e412f520cc7.png', 'label': 'SS席', 'type': 'subscription', 'subscription': {'months': 11, 'tier': 2}}]",22,400,https://dqd0jw5gvbchn.cloudfront.net/yell/22/2e6d5b4895ae00b656a700e2d25ef41e9e2600cd.gif,,,500,400,20,,makoroki,True,3854077,848112593,makorokiP,,https://hayabusa.io/openrec-image/user/8481126/848112593.w90.ttl3600.v1606132910.png?format=png,https://hayabusa.io/openrec-image/user/8481126/848112593.w320.ttl3600.v1606132910.png?format=png,,,1,0,False,False,False,False,False,False,False,False,0,True,2020-11-23T21:01:49+09:00,,,,,,,bang,False,,,,,,,,,,True,True,,,1o8qe5j1g8k
33,612932,工場長の夜勤を応援します,2021-05-18T01:47:59+09:00,channel,"{'id': 299, 'name': 'FES01', 'image_url': 'https://dqd0jw5gvbchn.cloudfront.net/yell/299/e40290c7cec606f0f867813e7a224bad976e2fac.gif', 'image_url_small': '', 'animation_url': '', 'points': 200, 'yells': 160, 'ticker_seconds': 15, 'channel': None}","{'id': 'NoenOenoE', 'registered_user_id': True, 'openrec_user_id': 3925446, 'recxuser_id': 871541019, 'nickname': 'Noe', 'introduction': '', 'icon_image_url': 'https://hayabusa.io/openrec-image/user/8715411/871541019.w90.ttl3600.v1609155261.png?format=png', 'l_icon_image_url': 'https://hayabusa.io/openrec-image/user/8715411/871541019.w320.ttl3600.v1609155261.png?format=png', 'cover_image_url': '', 'l_cover_image_url': '', 'follows': 3, 'followers': 0, 'is_premium': False, 'is_official': False, 'is_fresh': False, 'is_warned': False, 'is_team': False, 'is_league_yell': False, 'is_live': False, 'is_stats_hidden': False, 'live_views': 0, 'is_viewers_hidden': True, 'registered_at': '2020-12-28T20:34:21+09:00', 'last_updated_at': None, 'signed_in_with_facebook': None, 'signed_in_with_twitter': None, 'signed_in_with_google': None, 'signed_in_with_yahoo': None, 'signed_in_with_apple': None, 'user_status': 'bang', 'is_creator': False, 'premium_start_at': None, 'premium_charge_type': None, 'premium_payment_status': None, 'has_ppv_permission': None, 'has_active_email_token': None, 'email': None, 'pending_email': None, 'twitter_screen_name': None, 'hidden_channels': None, 'has_confirmed_email': True, 'is_approved_account': True, 'blacklist_count': None, 'blacklist_limit': None}","{'id': 'sagara_mayu', 'registered_user_id': True, 'openrec_user_id': 3758330, 'recxuser_id': 823666191, 'nickname': '相良茉優のFUN！FAN！FACTORY', 'introduction': '毎週月曜日配信の相良茉優がファンと一緒に楽しいことを作っていく番組です！\n\n番組推奨ハッシュタグ「#さがらFFF」\n是非ハッシュタグを付けて番組や相良茉優について呟いてください！\n\n「Discord」にてサブスク限定コミュニティも運営中！\n以下より連携方法をご確認ください。\nhttps://openrecnext.amebaownd.com/posts/11101764\n\n▼サブスク特典\nA席\n①メンバー限定放送・アーカイブ見放題\n②(入会初月のみ)翌月10日頃にOPENRECポイント300Pt付与\n③お誕生日月にお名前入り写真プレゼント(集合)※Discordにて前月中に申し込みの必要あり\n\nS席\n①メンバー限定放送・アーカイブ見放題\n②S席・SS席限定オフショット写真プレゼント\n③限定サイン入りチェキを抽選でプレゼント\n④(入会初月のみ)翌月10日頃にOPENRECポイント500Pt付与\n⑤お誕生日月にお名前入り写真プレゼント(個別)※Discordにて前月中に申し込みの必要あり\n\nSS席\n①メンバー限定配信・アーカイブ見放題\n②オフショット写真プレゼント\n③限定サイン入りチェキを抽選でプレゼント\n④視聴者参加型企画参加権利(抽選)\n⑤オフショット動画見放題\n⑥S席・SS席限定オフショット\n⑦(入会初月のみ)翌月10日頃にOPENRECポイント800Pt付与\n⑧お誕生日月にお名前をお呼びしたお祝い動画をプレゼント！\n\u3000(※Discordにて前月までに申し込みの必要あり)\n\n■相良茉優プロフィール\n京都府出身。4月17日生まれ。Digital Double所属。\n「アイドルメモリーズ」梶原未来で初めてのメインキャラを演じ、声優として活動を始める。\n2017年「ラブライブ！虹ヶ咲学園スクールアイドル同好会」で中須かすみに抜擢され、\n同作品のスクールアイドルとして現在放送中のアニメやゲーム・ライブで活動中。\n他にも、アプリ「ひぐらしのなく頃に命」(公由一穂)、アプリ「マギアレコード 魔法少女まどか☆マギカ外伝」(広江ちはる)等、多数作品に出演。2020年春に短編映画「時々は、眠れない夜に」に初めて実写での出演を果たした。\n', 'icon_image_url': 'https://hayabusa.io/openrec-image/user/8236662/823666191_202010211143.w90.ttl3600.png?format=png', 'l_icon_image_url': 'https://hayabusa.io/openrec-image/user/8236662/823666191_202010211143.w320.ttl3600.png?format=png', 'cover_image_url': 'https://hayabusa.io/openrec-image/user_background/8236662/823666191_202010211143.w210.ttl3600.png?format=png', 'l_cover_image_url': 'https://dqd0jw5gvbchn.cloudfront.net/user_background/8236662/823666191_202010211143.png', 'follows': 2, 'followers': 3677, 'is_premium': True, 'is_official': True, 'is_fresh': False, 'is_warned': False, 'is_team': False, 'is_league_yell': False, 'is_live': False, 'is_stats_hidden': False, 'live_views': 0, 'is_viewers_hidden': True, 'registered_at': '2020-10-19T20:34:04+09:00', 'last_updated_at': '2021-11-13T20:00:01+09:00', 'signed_in_with_facebook': None, 'signed_in_with_twitter': None, 'signed_in_with_google': None, 'signed_in_with_yahoo': None, 'signed_in_with_apple': None, 'user_status': 'special', 'is_creator': True, 'premium_start_at': None, 'premium_charge_type': None, 'premium_payment_status': None, 'has_ppv_permission': None, 'has_active_email_token': None, 'email': None, 'pending_email': None, 'twitter_screen_name': None, 'hidden_channels': None, 'has_confirmed_email': True, 'is_approved_account': True, 'blacklist_count': None, 'blacklist_limit': None}","{'name_color': '#2468DF', 'is_premium_hidden': False, 'is_official_hidden': False, 'is_subs_badge_hidden': False, 'is_subs_duration_hidden': False}",False,False,False,False,461911452,"[{'id': 1573, 'image_url': 'https://dqd0jw5gvbchn.cloudfront.net/badge/subscription/template/a9c440f7-c013-36a3-4484-3e412f520cc7.png', 'label': 'S席', 'type': 'subscription', 'subscription': {'months': 10, 'tier': 1}}]",299,FES01,https://dqd0jw5gvbchn.cloudfront.net/yell/299/e40290c7cec606f0f867813e7a224bad976e2fac.gif,,,200,160,15,,NoenOenoE,True,3925446,871541019,Noe,,https://hayabusa.io/openrec-image/user/8715411/871541019.w90.ttl3600.v1609155261.png?format=png,https://hayabusa.io/openrec-image/user/8715411/871541019.w320.ttl3600.v1609155261.png?format=png,,,3,0,False,False,False,False,False,False,False,False,0,True,2020-12-28T20:34:21+09:00,,,,,,,bang,False,,,,,,,,,,True,True,,,1o8qe5j1g8k
34,612931,ウイポ配信期待しています。余談ですが、ブエナビスタを庭先で買って貰えれば自分が喜びます。,2021-05-18T01:46:56+09:00,channel,"{'id': 299, 'name': 'FES01', 'image_url': 'https://dqd0jw5gvbchn.cloudfront.net/yell/299/e40290c7cec606f0f867813e7a224bad976e2fac.gif', 'image_url_small': '', 'animation_url': '', 'points': 200, 'yells': 160, 'ticker_seconds': 15, 'channel': None}","{'id': 'buena9833', 'registered_user_id': True, 'openrec_user_id': 4190194, 'recxuser_id': 959099648, 'nickname': 'ぶえな', 'introduction': '', 'icon_image_url': '', 'l_icon_image_url': '', 'cover_image_url': '', 'l_cover_image_url': '', 'follows': 1, 'followers': 0, 'is_premium': True, 'is_official': False, 'is_fresh': False, 'is_warned': False, 'is_team': False, 'is_league_yell': False, 'is_live': False, 'is_stats_hidden': False, 'live_views': 0, 'is_viewers_hidden': True, 'registered_at': '2021-04-26T19:55:43+09:00', 'last_updated_at': None, 'signed_in_with_facebook': None, 'signed_in_with_twitter': None, 'signed_in_with_google': None, 'signed_in_with_yahoo': None, 'signed_in_with_apple': None, 'user_status': 'bang', 'is_creator': False, 'premium_start_at': None, 'premium_charge_type': None, 'premium_payment_status': None, 'has_ppv_permission': None, 'has_active_email_token': None, 'email': None, 'pending_email': None, 'twitter_screen_name': None, 'hidden_channels': None, 'has_confirmed_email': True, 'is_approved_account': True, 'blacklist_count': None, 'blacklist_limit': None}","{'id': 'sagara_mayu', 'registered_user_id': True, 'openrec_user_id': 3758330, 'recxuser_id': 823666191, 'nickname': '相良茉優のFUN！FAN！FACTORY', 'introduction': '毎週月曜日配信の相良茉優がファンと一緒に楽しいことを作っていく番組です！\n\n番組推奨ハッシュタグ「#さがらFFF」\n是非ハッシュタグを付けて番組や相良茉優について呟いてください！\n\n「Discord」にてサブスク限定コミュニティも運営中！\n以下より連携方法をご確認ください。\nhttps://openrecnext.amebaownd.com/posts/11101764\n\n▼サブスク特典\nA席\n①メンバー限定放送・アーカイブ見放題\n②(入会初月のみ)翌月10日頃にOPENRECポイント300Pt付与\n③お誕生日月にお名前入り写真プレゼント(集合)※Discordにて前月中に申し込みの必要あり\n\nS席\n①メンバー限定放送・アーカイブ見放題\n②S席・SS席限定オフショット写真プレゼント\n③限定サイン入りチェキを抽選でプレゼント\n④(入会初月のみ)翌月10日頃にOPENRECポイント500Pt付与\n⑤お誕生日月にお名前入り写真プレゼント(個別)※Discordにて前月中に申し込みの必要あり\n\nSS席\n①メンバー限定配信・アーカイブ見放題\n②オフショット写真プレゼント\n③限定サイン入りチェキを抽選でプレゼント\n④視聴者参加型企画参加権利(抽選)\n⑤オフショット動画見放題\n⑥S席・SS席限定オフショット\n⑦(入会初月のみ)翌月10日頃にOPENRECポイント800Pt付与\n⑧お誕生日月にお名前をお呼びしたお祝い動画をプレゼント！\n\u3000(※Discordにて前月までに申し込みの必要あり)\n\n■相良茉優プロフィール\n京都府出身。4月17日生まれ。Digital Double所属。\n「アイドルメモリーズ」梶原未来で初めてのメインキャラを演じ、声優として活動を始める。\n2017年「ラブライブ！虹ヶ咲学園スクールアイドル同好会」で中須かすみに抜擢され、\n同作品のスクールアイドルとして現在放送中のアニメやゲーム・ライブで活動中。\n他にも、アプリ「ひぐらしのなく頃に命」(公由一穂)、アプリ「マギアレコード 魔法少女まどか☆マギカ外伝」(広江ちはる)等、多数作品に出演。2020年春に短編映画「時々は、眠れない夜に」に初めて実写での出演を果たした。\n', 'icon_image_url': 'https://hayabusa.io/openrec-image/user/8236662/823666191_202010211143.w90.ttl3600.png?format=png', 'l_icon_image_url': 'https://hayabusa.io/openrec-image/user/8236662/823666191_202010211143.w320.ttl3600.png?format=png', 'cover_image_url': 'https://hayabusa.io/openrec-image/user_background/8236662/823666191_202010211143.w210.ttl3600.png?format=png', 'l_cover_image_url': 'https://dqd0jw5gvbchn.cloudfront.net/user_background/8236662/823666191_202010211143.png', 'follows': 2, 'followers': 3677, 'is_premium': True, 'is_official': True, 'is_fresh': False, 'is_warned': False, 'is_team': False, 'is_league_yell': False, 'is_live': False, 'is_stats_hidden': False, 'live_views': 0, 'is_viewers_hidden': True, 'registered_at': '2020-10-19T20:34:04+09:00', 'last_updated_at': '2021-11-13T20:00:01+09:00', 'signed_in_with_facebook': None, 'signed_in_with_twitter': None, 'signed_in_with_google': None, 'signed_in_with_yahoo': None, 'signed_in_with_apple': None, 'user_status': 'special', 'is_creator': True, 'premium_start_at': None, 'premium_charge_type': None, 'premium_payment_status': None, 'has_ppv_permission': None, 'has_active_email_token': None, 'email': None, 'pending_email': None, 'twitter_screen_name': None, 'hidden_channels': None, 'has_confirmed_email': True, 'is_approved_account': True, 'blacklist_count': None, 'blacklist_limit': None}","{'name_color': '#4DF77A', 'is_premium_hidden': False, 'is_official_hidden': False, 'is_subs_badge_hidden': False, 'is_subs_duration_hidden': False}",False,False,False,False,461911193,"[{'id': 1574, 'image_url': 'https://dqd0jw5gvbchn.cloudfront.net/badge/subscription/template/a9c440f7-c013-36a3-4484-3e412f520cc7.png', 'label': 'SS席', 'type': 'subscription', 'subscription': {'months': 7, 'tier': 2}}]",299,FES01,https://dqd0jw5gvbchn.cloudfront.net/yell/299/e40290c7cec606f0f867813e7a224bad976e2fac.gif,,,200,160,15,,buena9833,True,4190194,959099648,ぶえな,,,,,,1,0,True,False,False,False,False,False,False,False,0,True,2021-04-26T19:55:43+09:00,,,,,,,bang,False,,,,,,,,,,True,True,,,1o8qe5j1g8k
35,612930,作業配信お疲れ様でした,2021-05-18T01:46:18+09:00,channel,"{'id': 17, 'name': '800', 'image_url': 'https://dqd0jw5gvbchn.cloudfront.net/yell/17/40081d39786bae8dccbd9eaa2834fa4c671b83db.png', 'image_url_small': '', 'animation_url': '', 'points': 1000, 'yells': 800, 'ticker_seconds': 30, 'channel': None}","{'id': 'VMP35', 'registered_user_id': True, 'openrec_user_id': 3760896, 'recxuser_id': 825017645, 'nickname': 'かず', 'introduction': '', 'icon_image_url': 'https://hayabusa.io/openrec-image/user/8250177/825017645.w90.ttl3600.v1603277934.png?format=png', 'l_icon_image_url': 'https://hayabusa.io/openrec-image/user/8250177/825017645.w320.ttl3600.v1603277934.png?format=png', 'cover_image_url': '', 'l_cover_image_url': '', 'follows': 7, 'followers': 1, 'is_premium': False, 'is_official': False, 'is_fresh': False, 'is_warned': False, 'is_team': False, 'is_league_yell': False, 'is_live': False, 'is_stats_hidden': False, 'live_views': 0, 'is_viewers_hidden': True, 'registered_at': '2020-10-21T19:58:53+09:00', 'last_updated_at': None, 'signed_in_with_facebook': None, 'signed_in_with_twitter': None, 'signed_in_with_google': None, 'signed_in_with_yahoo': None, 'signed_in_with_apple': None, 'user_status': 'bang', 'is_creator': False, 'premium_start_at': None, 'premium_charge_type': None, 'premium_payment_status': None, 'has_ppv_permission': None, 'has_active_email_token': None, 'email': None, 'pending_email': None, 'twitter_screen_name': None, 'hidden_channels': None, 'has_confirmed_email': True, 'is_approved_account': True, 'blacklist_count': None, 'blacklist_limit': None}","{'id': 'sagara_mayu', 'registered_user_id': True, 'openrec_user_id': 3758330, 'recxuser_id': 823666191, 'nickname': '相良茉優のFUN！FAN！FACTORY', 'introduction': '毎週月曜日配信の相良茉優がファンと一緒に楽しいことを作っていく番組です！\n\n番組推奨ハッシュタグ「#さがらFFF」\n是非ハッシュタグを付けて番組や相良茉優について呟いてください！\n\n「Discord」にてサブスク限定コミュニティも運営中！\n以下より連携方法をご確認ください。\nhttps://openrecnext.amebaownd.com/posts/11101764\n\n▼サブスク特典\nA席\n①メンバー限定放送・アーカイブ見放題\n②(入会初月のみ)翌月10日頃にOPENRECポイント300Pt付与\n③お誕生日月にお名前入り写真プレゼント(集合)※Discordにて前月中に申し込みの必要あり\n\nS席\n①メンバー限定放送・アーカイブ見放題\n②S席・SS席限定オフショット写真プレゼント\n③限定サイン入りチェキを抽選でプレゼント\n④(入会初月のみ)翌月10日頃にOPENRECポイント500Pt付与\n⑤お誕生日月にお名前入り写真プレゼント(個別)※Discordにて前月中に申し込みの必要あり\n\nSS席\n①メンバー限定配信・アーカイブ見放題\n②オフショット写真プレゼント\n③限定サイン入りチェキを抽選でプレゼント\n④視聴者参加型企画参加権利(抽選)\n⑤オフショット動画見放題\n⑥S席・SS席限定オフショット\n⑦(入会初月のみ)翌月10日頃にOPENRECポイント800Pt付与\n⑧お誕生日月にお名前をお呼びしたお祝い動画をプレゼント！\n\u3000(※Discordにて前月までに申し込みの必要あり)\n\n■相良茉優プロフィール\n京都府出身。4月17日生まれ。Digital Double所属。\n「アイドルメモリーズ」梶原未来で初めてのメインキャラを演じ、声優として活動を始める。\n2017年「ラブライブ！虹ヶ咲学園スクールアイドル同好会」で中須かすみに抜擢され、\n同作品のスクールアイドルとして現在放送中のアニメやゲーム・ライブで活動中。\n他にも、アプリ「ひぐらしのなく頃に命」(公由一穂)、アプリ「マギアレコード 魔法少女まどか☆マギカ外伝」(広江ちはる)等、多数作品に出演。2020年春に短編映画「時々は、眠れない夜に」に初めて実写での出演を果たした。\n', 'icon_image_url': 'https://hayabusa.io/openrec-image/user/8236662/823666191_202010211143.w90.ttl3600.png?format=png', 'l_icon_image_url': 'https://hayabusa.io/openrec-image/user/8236662/823666191_202010211143.w320.ttl3600.png?format=png', 'cover_image_url': 'https://hayabusa.io/openrec-image/user_background/8236662/823666191_202010211143.w210.ttl3600.png?format=png', 'l_cover_image_url': 'https://dqd0jw5gvbchn.cloudfront.net/user_background/8236662/823666191_202010211143.png', 'follows': 2, 'followers': 3677, 'is_premium': True, 'is_official': True, 'is_fresh': False, 'is_warned': False, 'is_team': False, 'is_league_yell': False, 'is_live': False, 'is_stats_hidden': False, 'live_views': 0, 'is_viewers_hidden': True, 'registered_at': '2020-10-19T20:34:04+09:00', 'last_updated_at': '2021-11-13T20:00:01+09:00', 'signed_in_with_facebook': None, 'signed_in_with_twitter': None, 'signed_in_with_google': None, 'signed_in_with_yahoo': None, 'signed_in_with_apple': None, 'user_status': 'special', 'is_creator': True, 'premium_start_at': None, 'premium_charge_type': None, 'premium_payment_status': None, 'has_ppv_permission': None, 'has_active_email_token': None, 'email': None, 'pending_email': None, 'twitter_screen_name': None, 'hidden_channels': None, 'has_confirmed_email': True, 'is_approved_account': True, 'blacklist_count': None, 'blacklist_limit': None}","{'name_color': '#E03B92', 'is_premium_hidden': False, 'is_official_hidden': False, 'is_subs_badge_hidden': False, 'is_subs_duration_hidden': False}",False,False,False,False,461910987,"[{'id': 1574, 'image_url': 'https://dqd0jw5gvbchn.cloudfront.net/badge/subscription/template/a9c440f7-c013-36a3-4484-3e412f520cc7.png', 'label': 'SS席', 'type': 'subscription', 'subscription': {'months': 13, 'tier': 2}}]",17,800,https://dqd0jw5gvbchn.cloudfront.net/yell/17/40081d39786bae8dccbd9eaa2834fa4c671b83db.png,,,1000,800,30,,VMP35,True,3760896,825017645,かず,,https://hayabusa.io/openrec-image/user/8250177/825017645.w90.ttl3600.v1603277934.png?format=png,https://hayabusa.io/openrec-image/user/8250177/825017645.w320.ttl3600.v1603277934.png?format=png,,,7,1,False,False,False,False,False,False,False,False,0,True,2020-10-21T19:58:53+09:00,,,,,,,bang,False,,,,,,,,,,True,True,,,1o8qe5j1g8k
36,612928,3rdライブからファンになりました、CD欲しかった...,2021-05-18T01:43:43+09:00,channel,"{'id': 302, 'name': 'FES04', 'image_url': 'https://dqd0jw5gvbchn.cloudfront.net/yell/302/94d5d754fd400fe7f4940d1664c1bb3f03ab2cc8.gif', 'image_url_small': '', 'animation_url': '', 'points': 2000, 'yells': 1600, 'ticker_seconds': 20, 'channel': None}","{'id': 'suica392', 'registered_user_id': True, 'openrec_user_id': 3209626, 'recxuser_id': 729713242, 'nickname': 'すいか', 'introduction': '', 'icon_image_url': 'https://hayabusa.io/openrec-image/user/7297133/729713242.w90.ttl3600.v1621101429.png?format=png', 'l_icon_image_url': 'https://hayabusa.io/openrec-image/user/7297133/729713242.w320.ttl3600.v1621101429.png?format=png', 'cover_image_url': '', 'l_cover_image_url': '', 'follows': 4, 'followers': 0, 'is_premium': False, 'is_official': False, 'is_fresh': False, 'is_warned': False, 'is_team': False, 'is_league_yell': False, 'is_live': False, 'is_stats_hidden': False, 'live_views': 0, 'is_viewers_hidden': True, 'registered_at': '2020-06-12T20:35:07+09:00', 'last_updated_at': None, 'signed_in_with_facebook': None, 'signed_in_with_twitter': None, 'signed_in_with_google': None, 'signed_in_with_yahoo': None, 'signed_in_with_apple': None, 'user_status': 'bang', 'is_creator': False, 'premium_start_at': None, 'premium_charge_type': None, 'premium_payment_status': None, 'has_ppv_permission': None, 'has_active_email_token': None, 'email': None, 'pending_email': None, 'twitter_screen_name': None, 'hidden_channels': None, 'has_confirmed_email': True, 'is_approved_account': True, 'blacklist_count': None, 'blacklist_limit': None}","{'id': 'sagara_mayu', 'registered_user_id': True, 'openrec_user_id': 3758330, 'recxuser_id': 823666191, 'nickname': '相良茉優のFUN！FAN！FACTORY', 'introduction': '毎週月曜日配信の相良茉優がファンと一緒に楽しいことを作っていく番組です！\n\n番組推奨ハッシュタグ「#さがらFFF」\n是非ハッシュタグを付けて番組や相良茉優について呟いてください！\n\n「Discord」にてサブスク限定コミュニティも運営中！\n以下より連携方法をご確認ください。\nhttps://openrecnext.amebaownd.com/posts/11101764\n\n▼サブスク特典\nA席\n①メンバー限定放送・アーカイブ見放題\n②(入会初月のみ)翌月10日頃にOPENRECポイント300Pt付与\n③お誕生日月にお名前入り写真プレゼント(集合)※Discordにて前月中に申し込みの必要あり\n\nS席\n①メンバー限定放送・アーカイブ見放題\n②S席・SS席限定オフショット写真プレゼント\n③限定サイン入りチェキを抽選でプレゼント\n④(入会初月のみ)翌月10日頃にOPENRECポイント500Pt付与\n⑤お誕生日月にお名前入り写真プレゼント(個別)※Discordにて前月中に申し込みの必要あり\n\nSS席\n①メンバー限定配信・アーカイブ見放題\n②オフショット写真プレゼント\n③限定サイン入りチェキを抽選でプレゼント\n④視聴者参加型企画参加権利(抽選)\n⑤オフショット動画見放題\n⑥S席・SS席限定オフショット\n⑦(入会初月のみ)翌月10日頃にOPENRECポイント800Pt付与\n⑧お誕生日月にお名前をお呼びしたお祝い動画をプレゼント！\n\u3000(※Discordにて前月までに申し込みの必要あり)\n\n■相良茉優プロフィール\n京都府出身。4月17日生まれ。Digital Double所属。\n「アイドルメモリーズ」梶原未来で初めてのメインキャラを演じ、声優として活動を始める。\n2017年「ラブライブ！虹ヶ咲学園スクールアイドル同好会」で中須かすみに抜擢され、\n同作品のスクールアイドルとして現在放送中のアニメやゲーム・ライブで活動中。\n他にも、アプリ「ひぐらしのなく頃に命」(公由一穂)、アプリ「マギアレコード 魔法少女まどか☆マギカ外伝」(広江ちはる)等、多数作品に出演。2020年春に短編映画「時々は、眠れない夜に」に初めて実写での出演を果たした。\n', 'icon_image_url': 'https://hayabusa.io/openrec-image/user/8236662/823666191_202010211143.w90.ttl3600.png?format=png', 'l_icon_image_url': 'https://hayabusa.io/openrec-image/user/8236662/823666191_202010211143.w320.ttl3600.png?format=png', 'cover_image_url': 'https://hayabusa.io/openrec-image/user_background/8236662/823666191_202010211143.w210.ttl3600.png?format=png', 'l_cover_image_url': 'https://dqd0jw5gvbchn.cloudfront.net/user_background/8236662/823666191_202010211143.png', 'follows': 2, 'followers': 3677, 'is_premium': True, 'is_official': True, 'is_fresh': False, 'is_warned': False, 'is_team': False, 'is_league_yell': False, 'is_live': False, 'is_stats_hidden': False, 'live_views': 0, 'is_viewers_hidden': True, 'registered_at': '2020-10-19T20:34:04+09:00', 'last_updated_at': '2021-11-13T20:00:01+09:00', 'signed_in_with_facebook': None, 'signed_in_with_twitter': None, 'signed_in_with_google': None, 'signed_in_with_yahoo': None, 'signed_in_with_apple': None, 'user_status': 'special', 'is_creator': True, 'premium_start_at': None, 'premium_charge_type': None, 'premium_payment_status': None, 'has_ppv_permission': None, 'has_active_email_token': None, 'email': None, 'pending_email': None, 'twitter_screen_name': None, 'hidden_channels': None, 'has_confirmed_email': True, 'is_approved_account': True, 'blacklist_count': None, 'blacklist_limit': None}","{'name_color': '#FFEC00', 'is_premium_hidden': False, 'is_official_hidden': False, 'is_subs_badge_hidden': False, 'is_subs_duration_hidden': False}",False,False,False,False,461910396,"[{'id': 1574, 'image_url': 'https://dqd0jw5gvbchn.cloudfront.net/badge/subscription/template/a9c440f7-c013-36a3-4484-3e412f520cc7.png', 'label': 'SS席', 'type': 'subscription', 'subscription': {'months': 7, 'tier': 2}}]",302,FES04,https://dqd0jw5gvbchn.cloudfront.net/yell/302/94d5d754fd400fe7f4940d1664c1bb3f03ab2cc8.gif,,,2000,1600,20,,suica392,True,3209626,729713242,すいか,,https://hayabusa.io/openrec-image/user/7297133/729713242.w90.ttl3600.v1621101429.png?format=png,https://hayabusa.io/openrec-image/user/7297133/729713242.w320.ttl3600.v1621101429.png?format=png,,,4,0,False,False,False,False,False,False,False,False,0,True,2020-06-12T20:35:07+09:00,,,,,,,bang,False,,,,,,,,,,True,True,,,1o8qe5j1g8k
37,612925,夜勤お疲れ様です ウイポやる時のためにサムネ作ってきます,2021-05-18T01:43:12+09:00,channel,"{'id': 299, 'name': 'FES01', 'image_url': 'https://dqd0jw5gvbchn.cloudfront.net/yell/299/e40290c7cec606f0f867813e7a224bad976e2fac.gif', 'image_url_small': '', 'animation_url': '', 'points': 200, 'yells': 160, 'ticker_seconds': 15, 'channel': None}","{'id': 'shou0419', 'registered_user_id': True, 'openrec_user_id': 2105516, 'recxuser_id': 481811987, 'nickname': 'しょう(モルモット)', 'introduction': '', 'icon_image_url': 'https://hayabusa.io/openrec-image/user/4818120/481811987.w90.ttl3600.v1623711991.png?format=png', 'l_icon_image_url': 'https://hayabusa.io/openrec-image/user/4818120/481811987.w320.ttl3600.v1623711991.png?format=png', 'cover_image_url': 'https://hayabusa.io/openrec-image/user_background/4818120/481811987_cover.w210.ttl3600.v1566279468.png?format=png', 'l_cover_image_url': 'https://dqd0jw5gvbchn.cloudfront.net/user_background/4818120/481811987_cover.png?1566279468', 'follows': 1, 'followers': 0, 'is_premium': False, 'is_official': False, 'is_fresh': False, 'is_warned': False, 'is_team': False, 'is_league_yell': False, 'is_live': False, 'is_stats_hidden': False, 'live_views': 0, 'is_viewers_hidden': True, 'registered_at': '2019-07-09T01:15:12+09:00', 'last_updated_at': None, 'signed_in_with_facebook': None, 'signed_in_with_twitter': None, 'signed_in_with_google': None, 'signed_in_with_yahoo': None, 'signed_in_with_apple': None, 'user_status': 'publish', 'is_creator': False, 'premium_start_at': None, 'premium_charge_type': None, 'premium_payment_status': None, 'has_ppv_permission': None, 'has_active_email_token': None, 'email': None, 'pending_email': None, 'twitter_screen_name': None, 'hidden_channels': None, 'has_confirmed_email': True, 'is_approved_account': True, 'blacklist_count': None, 'blacklist_limit': None}","{'id': 'sagara_mayu', 'registered_user_id': True, 'openrec_user_id': 3758330, 'recxuser_id': 823666191, 'nickname': '相良茉優のFUN！FAN！FACTORY', 'introduction': '毎週月曜日配信の相良茉優がファンと一緒に楽しいことを作っていく番組です！\n\n番組推奨ハッシュタグ「#さがらFFF」\n是非ハッシュタグを付けて番組や相良茉優について呟いてください！\n\n「Discord」にてサブスク限定コミュニティも運営中！\n以下より連携方法をご確認ください。\nhttps://openrecnext.amebaownd.com/posts/11101764\n\n▼サブスク特典\nA席\n①メンバー限定放送・アーカイブ見放題\n②(入会初月のみ)翌月10日頃にOPENRECポイント300Pt付与\n③お誕生日月にお名前入り写真プレゼント(集合)※Discordにて前月中に申し込みの必要あり\n\nS席\n①メンバー限定放送・アーカイブ見放題\n②S席・SS席限定オフショット写真プレゼント\n③限定サイン入りチェキを抽選でプレゼント\n④(入会初月のみ)翌月10日頃にOPENRECポイント500Pt付与\n⑤お誕生日月にお名前入り写真プレゼント(個別)※Discordにて前月中に申し込みの必要あり\n\nSS席\n①メンバー限定配信・アーカイブ見放題\n②オフショット写真プレゼント\n③限定サイン入りチェキを抽選でプレゼント\n④視聴者参加型企画参加権利(抽選)\n⑤オフショット動画見放題\n⑥S席・SS席限定オフショット\n⑦(入会初月のみ)翌月10日頃にOPENRECポイント800Pt付与\n⑧お誕生日月にお名前をお呼びしたお祝い動画をプレゼント！\n\u3000(※Discordにて前月までに申し込みの必要あり)\n\n■相良茉優プロフィール\n京都府出身。4月17日生まれ。Digital Double所属。\n「アイドルメモリーズ」梶原未来で初めてのメインキャラを演じ、声優として活動を始める。\n2017年「ラブライブ！虹ヶ咲学園スクールアイドル同好会」で中須かすみに抜擢され、\n同作品のスクールアイドルとして現在放送中のアニメやゲーム・ライブで活動中。\n他にも、アプリ「ひぐらしのなく頃に命」(公由一穂)、アプリ「マギアレコード 魔法少女まどか☆マギカ外伝」(広江ちはる)等、多数作品に出演。2020年春に短編映画「時々は、眠れない夜に」に初めて実写での出演を果たした。\n', 'icon_image_url': 'https://hayabusa.io/openrec-image/user/8236662/823666191_202010211143.w90.ttl3600.png?format=png', 'l_icon_image_url': 'https://hayabusa.io/openrec-image/user/8236662/823666191_202010211143.w320.ttl3600.png?format=png', 'cover_image_url': 'https://hayabusa.io/openrec-image/user_background/8236662/823666191_202010211143.w210.ttl3600.png?format=png', 'l_cover_image_url': 'https://dqd0jw5gvbchn.cloudfront.net/user_background/8236662/823666191_202010211143.png', 'follows': 2, 'followers': 3677, 'is_premium': True, 'is_official': True, 'is_fresh': False, 'is_warned': False, 'is_team': False, 'is_league_yell': False, 'is_live': False, 'is_stats_hidden': False, 'live_views': 0, 'is_viewers_hidden': True, 'registered_at': '2020-10-19T20:34:04+09:00', 'last_updated_at': '2021-11-13T20:00:01+09:00', 'signed_in_with_facebook': None, 'signed_in_with_twitter': None, 'signed_in_with_google': None, 'signed_in_with_yahoo': None, 'signed_in_with_apple': None, 'user_status': 'special', 'is_creator': True, 'premium_start_at': None, 'premium_charge_type': None, 'premium_payment_status': None, 'has_ppv_permission': None, 'has_active_email_token': None, 'email': None, 'pending_email': None, 'twitter_screen_name': None, 'hidden_channels': None, 'has_confirmed_email': True, 'is_approved_account': True, 'blacklist_count': None, 'blacklist_limit': None}","{'name_color': '#B6FF59', 'is_premium_hidden': False, 'is_official_hidden': False, 'is_subs_badge_hidden': False, 'is_subs_duration_hidden': False}",False,False,False,False,461910289,"[{'id': 1574, 'image_url': 'https://dqd0jw5gvbchn.cloudfront.net/badge/subscription/template/a9c440f7-c013-36a3-4484-3e412f520cc7.png', 'label': 'SS席', 'type': 'subscription', 'subscription': {'months': 12, 'tier': 2}}]",299,FES01,https://dqd0jw5gvbchn.cloudfront.net/yell/299/e40290c7cec606f0f867813e7a224bad976e2fac.gif,,,200,160,15,,shou0419,True,2105516,481811987,しょう(モルモット),,https://hayabusa.io/openrec-image/user/4818120/481811987.w90.ttl3600.v1623711991.png?format=png,https://hayabusa.io/openrec-image/user/4818120/481811987.w320.ttl3600.v1623711991.png?format=png,https://hayabusa.io/openrec-image/user_background/4818120/481811987_cover.w210.ttl3600.v1566279468.png?format=png,https://dqd0jw5gvbchn.cloudfront.net/user_background/4818120/481811987_cover.png?1566279468,1,0,False,False,False,False,False,False,False,False,0,True,2019-07-09T01:15:12+09:00,,,,,,,publish,False,,,,,,,,,,True,True,,,1o8qe5j1g8k
38,612924,まだ届いてないからこれからまゆちの手で包まれるところが見られると思ったらいくらでも起きてられる。,2021-05-18T01:43:08+09:00,channel,"{'id': 300, 'name': 'FES02', 'image_url': 'https://dqd0jw5gvbchn.cloudfront.net/yell/300/59aff2cb78428e04874c99ce75121618cdcfe1ad.gif', 'image_url_small': '', 'animation_url': '', 'points': 500, 'yells': 400, 'ticker_seconds': 15, 'channel': None}","{'id': 'zammy3deathyo', 'registered_user_id': True, 'openrec_user_id': 3806093, 'recxuser_id': 833574224, 'nickname': 'ざみさん', 'introduction': '', 'icon_image_url': 'https://hayabusa.io/openrec-image/user/8335743/833574224.w90.ttl3600.v1624968579.png?format=png', 'l_icon_image_url': 'https://hayabusa.io/openrec-image/user/8335743/833574224.w320.ttl3600.v1624968579.png?format=png', 'cover_image_url': '', 'l_cover_image_url': '', 'follows': 3, 'followers': 1, 'is_premium': False, 'is_official': False, 'is_fresh': False, 'is_warned': False, 'is_team': False, 'is_league_yell': False, 'is_live': False, 'is_stats_hidden': False, 'live_views': 0, 'is_viewers_hidden': True, 'registered_at': '2020-11-02T20:24:58+09:00', 'last_updated_at': None, 'signed_in_with_facebook': None, 'signed_in_with_twitter': None, 'signed_in_with_google': None, 'signed_in_with_yahoo': None, 'signed_in_with_apple': None, 'user_status': 'bang', 'is_creator': False, 'premium_start_at': None, 'premium_charge_type': None, 'premium_payment_status': None, 'has_ppv_permission': None, 'has_active_email_token': None, 'email': None, 'pending_email': None, 'twitter_screen_name': None, 'hidden_channels': None, 'has_confirmed_email': True, 'is_approved_account': True, 'blacklist_count': None, 'blacklist_limit': None}","{'id': 'sagara_mayu', 'registered_user_id': True, 'openrec_user_id': 3758330, 'recxuser_id': 823666191, 'nickname': '相良茉優のFUN！FAN！FACTORY', 'introduction': '毎週月曜日配信の相良茉優がファンと一緒に楽しいことを作っていく番組です！\n\n番組推奨ハッシュタグ「#さがらFFF」\n是非ハッシュタグを付けて番組や相良茉優について呟いてください！\n\n「Discord」にてサブスク限定コミュニティも運営中！\n以下より連携方法をご確認ください。\nhttps://openrecnext.amebaownd.com/posts/11101764\n\n▼サブスク特典\nA席\n①メンバー限定放送・アーカイブ見放題\n②(入会初月のみ)翌月10日頃にOPENRECポイント300Pt付与\n③お誕生日月にお名前入り写真プレゼント(集合)※Discordにて前月中に申し込みの必要あり\n\nS席\n①メンバー限定放送・アーカイブ見放題\n②S席・SS席限定オフショット写真プレゼント\n③限定サイン入りチェキを抽選でプレゼント\n④(入会初月のみ)翌月10日頃にOPENRECポイント500Pt付与\n⑤お誕生日月にお名前入り写真プレゼント(個別)※Discordにて前月中に申し込みの必要あり\n\nSS席\n①メンバー限定配信・アーカイブ見放題\n②オフショット写真プレゼント\n③限定サイン入りチェキを抽選でプレゼント\n④視聴者参加型企画参加権利(抽選)\n⑤オフショット動画見放題\n⑥S席・SS席限定オフショット\n⑦(入会初月のみ)翌月10日頃にOPENRECポイント800Pt付与\n⑧お誕生日月にお名前をお呼びしたお祝い動画をプレゼント！\n\u3000(※Discordにて前月までに申し込みの必要あり)\n\n■相良茉優プロフィール\n京都府出身。4月17日生まれ。Digital Double所属。\n「アイドルメモリーズ」梶原未来で初めてのメインキャラを演じ、声優として活動を始める。\n2017年「ラブライブ！虹ヶ咲学園スクールアイドル同好会」で中須かすみに抜擢され、\n同作品のスクールアイドルとして現在放送中のアニメやゲーム・ライブで活動中。\n他にも、アプリ「ひぐらしのなく頃に命」(公由一穂)、アプリ「マギアレコード 魔法少女まどか☆マギカ外伝」(広江ちはる)等、多数作品に出演。2020年春に短編映画「時々は、眠れない夜に」に初めて実写での出演を果たした。\n', 'icon_image_url': 'https://hayabusa.io/openrec-image/user/8236662/823666191_202010211143.w90.ttl3600.png?format=png', 'l_icon_image_url': 'https://hayabusa.io/openrec-image/user/8236662/823666191_202010211143.w320.ttl3600.png?format=png', 'cover_image_url': 'https://hayabusa.io/openrec-image/user_background/8236662/823666191_202010211143.w210.ttl3600.png?format=png', 'l_cover_image_url': 'https://dqd0jw5gvbchn.cloudfront.net/user_background/8236662/823666191_202010211143.png', 'follows': 2, 'followers': 3677, 'is_premium': True, 'is_official': True, 'is_fresh': False, 'is_warned': False, 'is_team': False, 'is_league_yell': False, 'is_live': False, 'is_stats_hidden': False, 'live_views': 0, 'is_viewers_hidden': True, 'registered_at': '2020-10-19T20:34:04+09:00', 'last_updated_at': '2021-11-13T20:00:01+09:00', 'signed_in_with_facebook': None, 'signed_in_with_twitter': None, 'signed_in_with_google': None, 'signed_in_with_yahoo': None, 'signed_in_with_apple': None, 'user_status': 'special', 'is_creator': True, 'premium_start_at': None, 'premium_charge_type': None, 'premium_payment_status': None, 'has_ppv_permission': None, 'has_active_email_token': None, 'email': None, 'pending_email': None, 'twitter_screen_name': None, 'hidden_channels': None, 'has_confirmed_email': True, 'is_approved_account': True, 'blacklist_count': None, 'blacklist_limit': None}","{'name_color': '#34AEF6', 'is_premium_hidden': False, 'is_official_hidden': False, 'is_subs_badge_hidden': False, 'is_subs_duration_hidden': False}",False,False,False,False,461910268,"[{'id': 1574, 'image_url': 'https://dqd0jw5gvbchn.cloudfront.net/badge/subscription/template/a9c440f7-c013-36a3-4484-3e412f520cc7.png', 'label': 'SS席', 'type': 'subscription', 'subscription': {'months': 13, 'tier': 2}}]",300,FES02,https://dqd0jw5gvbchn.cloudfront.net/yell/300/59aff2cb78428e04874c99ce75121618cdcfe1ad.gif,,,500,400,15,,zammy3deathyo,True,3806093,833574224,ざみさん,,https://hayabusa.io/openrec-image/user/8335743/833574224.w90.ttl3600.v1624968579.png?format=png,https://hayabusa.io/openrec-image/user/8335743/833574224.w320.ttl3600.v1624968579.png?format=png,,,3,1,False,False,False,False,False,False,False,False,0,True,2020-11-02T20:24:58+09:00,,,,,,,bang,False,,,,,,,,,,True,True,,,1o8qe5j1g8k
39,612860,質問です！自分も飽き性でゲームなど途中でやらなくなってしまいます、どうしたら集中力が身につきますか？,2021-05-18T01:34:06+09:00,channel,"{'id': 303, 'name': 'may01', 'image_url': 'https://dqd0jw5gvbchn.cloudfront.net/yell/303/853270eacd8887e7deffca1a9897d986075d5b4f.gif', 'image_url_small': '', 'animation_url': '', 'points': 300, 'yells': 240, 'ticker_seconds': 15, 'channel': None}","{'id': 'Shaar', 'registered_user_id': True, 'openrec_user_id': 3806786, 'recxuser_id': 833693589, 'nickname': 'シャール28グラム', 'introduction': '', 'icon_image_url': 'https://hayabusa.io/openrec-image/user/8336936/833693589.w90.ttl3600.v1604327884.png?format=png', 'l_icon_image_url': 'https://hayabusa.io/openrec-image/user/8336936/833693589.w320.ttl3600.v1604327884.png?format=png', 'cover_image_url': '', 'l_cover_image_url': '', 'follows': 1, 'followers': 0, 'is_premium': False, 'is_official': False, 'is_fresh': False, 'is_warned': False, 'is_team': False, 'is_league_yell': False, 'is_live': False, 'is_stats_hidden': False, 'live_views': 0, 'is_viewers_hidden': True, 'registered_at': '2020-11-02T23:38:03+09:00', 'last_updated_at': None, 'signed_in_with_facebook': None, 'signed_in_with_twitter': None, 'signed_in_with_google': None, 'signed_in_with_yahoo': None, 'signed_in_with_apple': None, 'user_status': 'bang', 'is_creator': False, 'premium_start_at': None, 'premium_charge_type': None, 'premium_payment_status': None, 'has_ppv_permission': None, 'has_active_email_token': None, 'email': None, 'pending_email': None, 'twitter_screen_name': None, 'hidden_channels': None, 'has_confirmed_email': True, 'is_approved_account': True, 'blacklist_count': None, 'blacklist_limit': None}","{'id': 'sagara_mayu', 'registered_user_id': True, 'openrec_user_id': 3758330, 'recxuser_id': 823666191, 'nickname': '相良茉優のFUN！FAN！FACTORY', 'introduction': '毎週月曜日配信の相良茉優がファンと一緒に楽しいことを作っていく番組です！\n\n番組推奨ハッシュタグ「#さがらFFF」\n是非ハッシュタグを付けて番組や相良茉優について呟いてください！\n\n「Discord」にてサブスク限定コミュニティも運営中！\n以下より連携方法をご確認ください。\nhttps://openrecnext.amebaownd.com/posts/11101764\n\n▼サブスク特典\nA席\n①メンバー限定放送・アーカイブ見放題\n②(入会初月のみ)翌月10日頃にOPENRECポイント300Pt付与\n③お誕生日月にお名前入り写真プレゼント(集合)※Discordにて前月中に申し込みの必要あり\n\nS席\n①メンバー限定放送・アーカイブ見放題\n②S席・SS席限定オフショット写真プレゼント\n③限定サイン入りチェキを抽選でプレゼント\n④(入会初月のみ)翌月10日頃にOPENRECポイント500Pt付与\n⑤お誕生日月にお名前入り写真プレゼント(個別)※Discordにて前月中に申し込みの必要あり\n\nSS席\n①メンバー限定配信・アーカイブ見放題\n②オフショット写真プレゼント\n③限定サイン入りチェキを抽選でプレゼント\n④視聴者参加型企画参加権利(抽選)\n⑤オフショット動画見放題\n⑥S席・SS席限定オフショット\n⑦(入会初月のみ)翌月10日頃にOPENRECポイント800Pt付与\n⑧お誕生日月にお名前をお呼びしたお祝い動画をプレゼント！\n\u3000(※Discordにて前月までに申し込みの必要あり)\n\n■相良茉優プロフィール\n京都府出身。4月17日生まれ。Digital Double所属。\n「アイドルメモリーズ」梶原未来で初めてのメインキャラを演じ、声優として活動を始める。\n2017年「ラブライブ！虹ヶ咲学園スクールアイドル同好会」で中須かすみに抜擢され、\n同作品のスクールアイドルとして現在放送中のアニメやゲーム・ライブで活動中。\n他にも、アプリ「ひぐらしのなく頃に命」(公由一穂)、アプリ「マギアレコード 魔法少女まどか☆マギカ外伝」(広江ちはる)等、多数作品に出演。2020年春に短編映画「時々は、眠れない夜に」に初めて実写での出演を果たした。\n', 'icon_image_url': 'https://hayabusa.io/openrec-image/user/8236662/823666191_202010211143.w90.ttl3600.png?format=png', 'l_icon_image_url': 'https://hayabusa.io/openrec-image/user/8236662/823666191_202010211143.w320.ttl3600.png?format=png', 'cover_image_url': 'https://hayabusa.io/openrec-image/user_background/8236662/823666191_202010211143.w210.ttl3600.png?format=png', 'l_cover_image_url': 'https://dqd0jw5gvbchn.cloudfront.net/user_background/8236662/823666191_202010211143.png', 'follows': 2, 'followers': 3677, 'is_premium': True, 'is_official': True, 'is_fresh': False, 'is_warned': False, 'is_team': False, 'is_league_yell': False, 'is_live': False, 'is_stats_hidden': False, 'live_views': 0, 'is_viewers_hidden': True, 'registered_at': '2020-10-19T20:34:04+09:00', 'last_updated_at': '2021-11-13T20:00:01+09:00', 'signed_in_with_facebook': None, 'signed_in_with_twitter': None, 'signed_in_with_google': None, 'signed_in_with_yahoo': None, 'signed_in_with_apple': None, 'user_status': 'special', 'is_creator': True, 'premium_start_at': None, 'premium_charge_type': None, 'premium_payment_status': None, 'has_ppv_permission': None, 'has_active_email_token': None, 'email': None, 'pending_email': None, 'twitter_screen_name': None, 'hidden_channels': None, 'has_confirmed_email': True, 'is_approved_account': True, 'blacklist_count': None, 'blacklist_limit': None}","{'name_color': '#2468DF', 'is_premium_hidden': False, 'is_official_hidden': False, 'is_subs_badge_hidden': False, 'is_subs_duration_hidden': False}",False,False,False,False,461900942,"[{'id': 1574, 'image_url': 'https://dqd0jw5gvbchn.cloudfront.net/badge/subscription/template/a9c440f7-c013-36a3-4484-3e412f520cc7.png', 'label': 'SS席', 'type': 'subscription', 'subscription': {'months': 9, 'tier': 2}}]",303,may01,https://dqd0jw5gvbchn.cloudfront.net/yell/303/853270eacd8887e7deffca1a9897d986075d5b4f.gif,,,300,240,15,,Shaar,True,3806786,833693589,シャール28グラム,,https://hayabusa.io/openrec-image/user/8336936/833693589.w90.ttl3600.v1604327884.png?format=png,https://hayabusa.io/openrec-image/user/8336936/833693589.w320.ttl3600.v1604327884.png?format=png,,,1,0,False,False,False,False,False,False,False,False,0,True,2020-11-02T23:38:03+09:00,,,,,,,bang,False,,,,,,,,,,True,True,,,1o8qe5j1g8k
0,612837,内職お疲れ様です！そろそろ寝ます！おやすみなさい！,2021-05-18T01:28:24+09:00,channel,"{'id': 301, 'name': 'FES03', 'image_url': 'https://dqd0jw5gvbchn.cloudfront.net/yell/301/925592946a8b319e854a9029c507297e2b624970.gif', 'image_url_small': '', 'animation_url': '', 'points': 1000, 'yells': 800, 'ticker_seconds': 15, 'channel': None}","{'id': 'tokiwa_no_mori', 'registered_user_id': True, 'openrec_user_id': 3700873, 'recxuser_id': 807007353, 'nickname': 'ときわ', 'introduction': '', 'icon_image_url': 'https://hayabusa.io/openrec-image/user/8070074/807007353.w90.ttl3600.v1601027484.png?format=png', 'l_icon_image_url': 'https://hayabusa.io/openrec-image/user/8070074/807007353.w320.ttl3600.v1601027484.png?format=png', 'cover_image_url': '', 'l_cover_image_url': '', 'follows': 6, 'followers': 1, 'is_premium': False, 'is_official': False, 'is_fresh': False, 'is_warned': False, 'is_team': False, 'is_league_yell': False, 'is_live': False, 'is_stats_hidden': False, 'live_views': 0, 'is_viewers_hidden': True, 'registered_at': '2020-09-25T18:51:24+09:00', 'last_updated_at': None, 'signed_in_with_facebook': None, 'signed_in_with_twitter': None, 'signed_in_with_google': None, 'signed_in_with_yahoo': None, 'signed_in_with_apple': None, 'user_status': 'bang', 'is_creator': False, 'premium_start_at': None, 'premium_charge_type': None, 'premium_payment_status': None, 'has_ppv_permission': None, 'has_active_email_token': None, 'email': None, 'pending_email': None, 'twitter_screen_name': None, 'hidden_channels': None, 'has_confirmed_email': True, 'is_approved_account': True, 'blacklist_count': None, 'blacklist_limit': None}","{'id': 'sagara_mayu', 'registered_user_id': True, 'openrec_user_id': 3758330, 'recxuser_id': 823666191, 'nickname': '相良茉優のFUN！FAN！FACTORY', 'introduction': '毎週月曜日配信の相良茉優がファンと一緒に楽しいことを作っていく番組です！\n\n番組推奨ハッシュタグ「#さがらFFF」\n是非ハッシュタグを付けて番組や相良茉優について呟いてください！\n\n「Discord」にてサブスク限定コミュニティも運営中！\n以下より連携方法をご確認ください。\nhttps://openrecnext.amebaownd.com/posts/11101764\n\n▼サブスク特典\nA席\n①メンバー限定放送・アーカイブ見放題\n②(入会初月のみ)翌月10日頃にOPENRECポイント300Pt付与\n③お誕生日月にお名前入り写真プレゼント(集合)※Discordにて前月中に申し込みの必要あり\n\nS席\n①メンバー限定放送・アーカイブ見放題\n②S席・SS席限定オフショット写真プレゼント\n③限定サイン入りチェキを抽選でプレゼント\n④(入会初月のみ)翌月10日頃にOPENRECポイント500Pt付与\n⑤お誕生日月にお名前入り写真プレゼント(個別)※Discordにて前月中に申し込みの必要あり\n\nSS席\n①メンバー限定配信・アーカイブ見放題\n②オフショット写真プレゼント\n③限定サイン入りチェキを抽選でプレゼント\n④視聴者参加型企画参加権利(抽選)\n⑤オフショット動画見放題\n⑥S席・SS席限定オフショット\n⑦(入会初月のみ)翌月10日頃にOPENRECポイント800Pt付与\n⑧お誕生日月にお名前をお呼びしたお祝い動画をプレゼント！\n\u3000(※Discordにて前月までに申し込みの必要あり)\n\n■相良茉優プロフィール\n京都府出身。4月17日生まれ。Digital Double所属。\n「アイドルメモリーズ」梶原未来で初めてのメインキャラを演じ、声優として活動を始める。\n2017年「ラブライブ！虹ヶ咲学園スクールアイドル同好会」で中須かすみに抜擢され、\n同作品のスクールアイドルとして現在放送中のアニメやゲーム・ライブで活動中。\n他にも、アプリ「ひぐらしのなく頃に命」(公由一穂)、アプリ「マギアレコード 魔法少女まどか☆マギカ外伝」(広江ちはる)等、多数作品に出演。2020年春に短編映画「時々は、眠れない夜に」に初めて実写での出演を果たした。\n', 'icon_image_url': 'https://hayabusa.io/openrec-image/user/8236662/823666191_202010211143.w90.ttl3600.png?format=png', 'l_icon_image_url': 'https://hayabusa.io/openrec-image/user/8236662/823666191_202010211143.w320.ttl3600.png?format=png', 'cover_image_url': 'https://hayabusa.io/openrec-image/user_background/8236662/823666191_202010211143.w210.ttl3600.png?format=png', 'l_cover_image_url': 'https://dqd0jw5gvbchn.cloudfront.net/user_background/8236662/823666191_202010211143.png', 'follows': 2, 'followers': 3677, 'is_premium': True, 'is_official': True, 'is_fresh': False, 'is_warned': False, 'is_team': False, 'is_league_yell': False, 'is_live': False, 'is_stats_hidden': False, 'live_views': 0, 'is_viewers_hidden': True, 'registered_at': '2020-10-19T20:34:04+09:00', 'last_updated_at': '2021-11-13T20:00:01+09:00', 'signed_in_with_facebook': None, 'signed_in_with_twitter': None, 'signed_in_with_google': None, 'signed_in_with_yahoo': None, 'signed_in_with_apple': None, 'user_status': 'special', 'is_creator': True, 'premium_start_at': None, 'premium_charge_type': None, 'premium_payment_status': None, 'has_ppv_permission': None, 'has_active_email_token': None, 'email': None, 'pending_email': None, 'twitter_screen_name': None, 'hidden_channels': None, 'has_confirmed_email': True, 'is_approved_account': True, 'blacklist_count': None, 'blacklist_limit': None}","{'name_color': '#94FF0D', 'is_premium_hidden': False, 'is_official_hidden': False, 'is_subs_badge_hidden': False, 'is_subs_duration_hidden': False}",False,False,False,False,461897246,"[{'id': 1574, 'image_url': 'https://dqd0jw5gvbchn.cloudfront.net/badge/subscription/template/a9c440f7-c013-36a3-4484-3e412f520cc7.png', 'label': 'SS席', 'type': 'subscription', 'subscription': {'months': 13, 'tier': 2}}]",301,FES03,https://dqd0jw5gvbchn.cloudfront.net/yell/301/925592946a8b319e854a9029c507297e2b624970.gif,,,1000,800,15,,tokiwa_no_mori,True,3700873,807007353,ときわ,,https://hayabusa.io/openrec-image/user/8070074/807007353.w90.ttl3600.v1601027484.png?format=png,https://hayabusa.io/openrec-image/user/8070074/807007353.w320.ttl3600.v1601027484.png?format=png,,,6,1,False,False,False,False,False,False,False,False,0,True,2020-09-25T18:51:24+09:00,,,,,,,bang,False,,,,,,,,,,True,True,,,1o8qe5j1g8k
1,612824,晩ご飯作りたいから一旦退席！作業頑張ってね〜,2021-05-18T01:26:05+09:00,channel,"{'id': 300, 'name': 'FES02', 'image_url': 'https://dqd0jw5gvbchn.cloudfront.net/yell/300/59aff2cb78428e04874c99ce75121618cdcfe1ad.gif', 'image_url_small': '', 'animation_url': '', 'points': 500, 'yells': 400, 'ticker_seconds': 15, 'channel': None}","{'id': 'KoizumiKuro_HK', 'registered_user_id': True, 'openrec_user_id': 3761245, 'recxuser_id': 825112534, 'nickname': '小泉くろ', 'introduction': '推しの為にここに来た(｀・ω・´)\nよろしくお願いしますね', 'icon_image_url': 'https://hayabusa.io/openrec-image/user/8251126/825112534.w90.ttl3600.v1614359322.png?format=png', 'l_icon_image_url': 'https://hayabusa.io/openrec-image/user/8251126/825112534.w320.ttl3600.v1614359322.png?format=png', 'cover_image_url': 'https://hayabusa.io/openrec-image/user_background/8251126/825112534_cover.w210.ttl3600.v1614359322.png?format=png', 'l_cover_image_url': 'https://dqd0jw5gvbchn.cloudfront.net/user_background/8251126/825112534_cover.png?1614359322', 'follows': 5, 'followers': 3, 'is_premium': True, 'is_official': False, 'is_fresh': False, 'is_warned': False, 'is_team': False, 'is_league_yell': False, 'is_live': False, 'is_stats_hidden': False, 'live_views': 0, 'is_viewers_hidden': True, 'registered_at': '2020-10-21T23:09:42+09:00', 'last_updated_at': None, 'signed_in_with_facebook': None, 'signed_in_with_twitter': None, 'signed_in_with_google': None, 'signed_in_with_yahoo': None, 'signed_in_with_apple': None, 'user_status': 'bang', 'is_creator': False, 'premium_start_at': None, 'premium_charge_type': None, 'premium_payment_status': None, 'has_ppv_permission': None, 'has_active_email_token': None, 'email': None, 'pending_email': None, 'twitter_screen_name': None, 'hidden_channels': None, 'has_confirmed_email': True, 'is_approved_account': True, 'blacklist_count': None, 'blacklist_limit': None}","{'id': 'sagara_mayu', 'registered_user_id': True, 'openrec_user_id': 3758330, 'recxuser_id': 823666191, 'nickname': '相良茉優のFUN！FAN！FACTORY', 'introduction': '毎週月曜日配信の相良茉優がファンと一緒に楽しいことを作っていく番組です！\n\n番組推奨ハッシュタグ「#さがらFFF」\n是非ハッシュタグを付けて番組や相良茉優について呟いてください！\n\n「Discord」にてサブスク限定コミュニティも運営中！\n以下より連携方法をご確認ください。\nhttps://openrecnext.amebaownd.com/posts/11101764\n\n▼サブスク特典\nA席\n①メンバー限定放送・アーカイブ見放題\n②(入会初月のみ)翌月10日頃にOPENRECポイント300Pt付与\n③お誕生日月にお名前入り写真プレゼント(集合)※Discordにて前月中に申し込みの必要あり\n\nS席\n①メンバー限定放送・アーカイブ見放題\n②S席・SS席限定オフショット写真プレゼント\n③限定サイン入りチェキを抽選でプレゼント\n④(入会初月のみ)翌月10日頃にOPENRECポイント500Pt付与\n⑤お誕生日月にお名前入り写真プレゼント(個別)※Discordにて前月中に申し込みの必要あり\n\nSS席\n①メンバー限定配信・アーカイブ見放題\n②オフショット写真プレゼント\n③限定サイン入りチェキを抽選でプレゼント\n④視聴者参加型企画参加権利(抽選)\n⑤オフショット動画見放題\n⑥S席・SS席限定オフショット\n⑦(入会初月のみ)翌月10日頃にOPENRECポイント800Pt付与\n⑧お誕生日月にお名前をお呼びしたお祝い動画をプレゼント！\n\u3000(※Discordにて前月までに申し込みの必要あり)\n\n■相良茉優プロフィール\n京都府出身。4月17日生まれ。Digital Double所属。\n「アイドルメモリーズ」梶原未来で初めてのメインキャラを演じ、声優として活動を始める。\n2017年「ラブライブ！虹ヶ咲学園スクールアイドル同好会」で中須かすみに抜擢され、\n同作品のスクールアイドルとして現在放送中のアニメやゲーム・ライブで活動中。\n他にも、アプリ「ひぐらしのなく頃に命」(公由一穂)、アプリ「マギアレコード 魔法少女まどか☆マギカ外伝」(広江ちはる)等、多数作品に出演。2020年春に短編映画「時々は、眠れない夜に」に初めて実写での出演を果たした。\n', 'icon_image_url': 'https://hayabusa.io/openrec-image/user/8236662/823666191_202010211143.w90.ttl3600.png?format=png', 'l_icon_image_url': 'https://hayabusa.io/openrec-image/user/8236662/823666191_202010211143.w320.ttl3600.png?format=png', 'cover_image_url': 'https://hayabusa.io/openrec-image/user_background/8236662/823666191_202010211143.w210.ttl3600.png?format=png', 'l_cover_image_url': 'https://dqd0jw5gvbchn.cloudfront.net/user_background/8236662/823666191_202010211143.png', 'follows': 2, 'followers': 3677, 'is_premium': True, 'is_official': True, 'is_fresh': False, 'is_warned': False, 'is_team': False, 'is_league_yell': False, 'is_live': False, 'is_stats_hidden': False, 'live_views': 0, 'is_viewers_hidden': True, 'registered_at': '2020-10-19T20:34:04+09:00', 'last_updated_at': '2021-11-13T20:00:01+09:00', 'signed_in_with_facebook': None, 'signed_in_with_twitter': None, 'signed_in_with_google': None, 'signed_in_with_yahoo': None, 'signed_in_with_apple': None, 'user_status': 'special', 'is_creator': True, 'premium_start_at': None, 'premium_charge_type': None, 'premium_payment_status': None, 'has_ppv_permission': None, 'has_active_email_token': None, 'email': None, 'pending_email': None, 'twitter_screen_name': None, 'hidden_channels': None, 'has_confirmed_email': True, 'is_approved_account': True, 'blacklist_count': None, 'blacklist_limit': None}","{'name_color': '#34AEF6', 'is_premium_hidden': False, 'is_official_hidden': False, 'is_subs_badge_hidden': False, 'is_subs_duration_hidden': False}",False,False,False,False,461895986,"[{'id': 1574, 'image_url': 'https://dqd0jw5gvbchn.cloudfront.net/badge/subscription/template/a9c440f7-c013-36a3-4484-3e412f520cc7.png', 'label': 'SS席', 'type': 'subscription', 'subscription': {'months': 13, 'tier': 2}}]",300,FES02,https://dqd0jw5gvbchn.cloudfront.net/yell/300/59aff2cb78428e04874c99ce75121618cdcfe1ad.gif,,,500,400,15,,KoizumiKuro_HK,True,3761245,825112534,小泉くろ,"推しの為にここに来た(｀・ω・´)
よろしくお願いしますね",https://hayabusa.io/openrec-image/user/8251126/825112534.w90.ttl3600.v1614359322.png?format=png,https://hayabusa.io/openrec-image/user/8251126/825112534.w320.ttl3600.v1614359322.png?format=png,https://hayabusa.io/openrec-image/user_background/8251126/825112534_cover.w210.ttl3600.v1614359322.png?format=png,https://dqd0jw5gvbchn.cloudfront.net/user_background/8251126/825112534_cover.png?1614359322,5,3,True,False,False,False,False,False,False,False,0,True,2020-10-21T23:09:42+09:00,,,,,,,bang,False,,,,,,,,,,True,True,,,1o8qe5j1g8k
2,612819,今日CD届きました( *´꒳`* )💖遅くまで梱包お疲れ様です🥺,2021-05-18T01:25:32+09:00,channel,"{'id': 299, 'name': 'FES01', 'image_url': 'https://dqd0jw5gvbchn.cloudfront.net/yell/299/e40290c7cec606f0f867813e7a224bad976e2fac.gif', 'image_url_small': '', 'animation_url': '', 'points': 200, 'yells': 160, 'ticker_seconds': 15, 'channel': None}","{'id': '_m__o214', 'registered_user_id': True, 'openrec_user_id': 3760863, 'recxuser_id': 825008447, 'nickname': 'まなふぃ～', 'introduction': '', 'icon_image_url': 'https://hayabusa.io/openrec-image/user/8250085/825008447.w90.ttl3600.v1609153225.png?format=png', 'l_icon_image_url': 'https://hayabusa.io/openrec-image/user/8250085/825008447.w320.ttl3600.v1609153225.png?format=png', 'cover_image_url': '', 'l_cover_image_url': '', 'follows': 1, 'followers': 0, 'is_premium': True, 'is_official': False, 'is_fresh': False, 'is_warned': False, 'is_team': False, 'is_league_yell': False, 'is_live': False, 'is_stats_hidden': False, 'live_views': 0, 'is_viewers_hidden': True, 'registered_at': '2020-10-21T19:41:57+09:00', 'last_updated_at': None, 'signed_in_with_facebook': None, 'signed_in_with_twitter': None, 'signed_in_with_google': None, 'signed_in_with_yahoo': None, 'signed_in_with_apple': None, 'user_status': 'bang', 'is_creator': False, 'premium_start_at': None, 'premium_charge_type': None, 'premium_payment_status': None, 'has_ppv_permission': None, 'has_active_email_token': None, 'email': None, 'pending_email': None, 'twitter_screen_name': None, 'hidden_channels': None, 'has_confirmed_email': True, 'is_approved_account': True, 'blacklist_count': None, 'blacklist_limit': None}","{'id': 'sagara_mayu', 'registered_user_id': True, 'openrec_user_id': 3758330, 'recxuser_id': 823666191, 'nickname': '相良茉優のFUN！FAN！FACTORY', 'introduction': '毎週月曜日配信の相良茉優がファンと一緒に楽しいことを作っていく番組です！\n\n番組推奨ハッシュタグ「#さがらFFF」\n是非ハッシュタグを付けて番組や相良茉優について呟いてください！\n\n「Discord」にてサブスク限定コミュニティも運営中！\n以下より連携方法をご確認ください。\nhttps://openrecnext.amebaownd.com/posts/11101764\n\n▼サブスク特典\nA席\n①メンバー限定放送・アーカイブ見放題\n②(入会初月のみ)翌月10日頃にOPENRECポイント300Pt付与\n③お誕生日月にお名前入り写真プレゼント(集合)※Discordにて前月中に申し込みの必要あり\n\nS席\n①メンバー限定放送・アーカイブ見放題\n②S席・SS席限定オフショット写真プレゼント\n③限定サイン入りチェキを抽選でプレゼント\n④(入会初月のみ)翌月10日頃にOPENRECポイント500Pt付与\n⑤お誕生日月にお名前入り写真プレゼント(個別)※Discordにて前月中に申し込みの必要あり\n\nSS席\n①メンバー限定配信・アーカイブ見放題\n②オフショット写真プレゼント\n③限定サイン入りチェキを抽選でプレゼント\n④視聴者参加型企画参加権利(抽選)\n⑤オフショット動画見放題\n⑥S席・SS席限定オフショット\n⑦(入会初月のみ)翌月10日頃にOPENRECポイント800Pt付与\n⑧お誕生日月にお名前をお呼びしたお祝い動画をプレゼント！\n\u3000(※Discordにて前月までに申し込みの必要あり)\n\n■相良茉優プロフィール\n京都府出身。4月17日生まれ。Digital Double所属。\n「アイドルメモリーズ」梶原未来で初めてのメインキャラを演じ、声優として活動を始める。\n2017年「ラブライブ！虹ヶ咲学園スクールアイドル同好会」で中須かすみに抜擢され、\n同作品のスクールアイドルとして現在放送中のアニメやゲーム・ライブで活動中。\n他にも、アプリ「ひぐらしのなく頃に命」(公由一穂)、アプリ「マギアレコード 魔法少女まどか☆マギカ外伝」(広江ちはる)等、多数作品に出演。2020年春に短編映画「時々は、眠れない夜に」に初めて実写での出演を果たした。\n', 'icon_image_url': 'https://hayabusa.io/openrec-image/user/8236662/823666191_202010211143.w90.ttl3600.png?format=png', 'l_icon_image_url': 'https://hayabusa.io/openrec-image/user/8236662/823666191_202010211143.w320.ttl3600.png?format=png', 'cover_image_url': 'https://hayabusa.io/openrec-image/user_background/8236662/823666191_202010211143.w210.ttl3600.png?format=png', 'l_cover_image_url': 'https://dqd0jw5gvbchn.cloudfront.net/user_background/8236662/823666191_202010211143.png', 'follows': 2, 'followers': 3677, 'is_premium': True, 'is_official': True, 'is_fresh': False, 'is_warned': False, 'is_team': False, 'is_league_yell': False, 'is_live': False, 'is_stats_hidden': False, 'live_views': 0, 'is_viewers_hidden': True, 'registered_at': '2020-10-19T20:34:04+09:00', 'last_updated_at': '2021-11-13T20:00:01+09:00', 'signed_in_with_facebook': None, 'signed_in_with_twitter': None, 'signed_in_with_google': None, 'signed_in_with_yahoo': None, 'signed_in_with_apple': None, 'user_status': 'special', 'is_creator': True, 'premium_start_at': None, 'premium_charge_type': None, 'premium_payment_status': None, 'has_ppv_permission': None, 'has_active_email_token': None, 'email': None, 'pending_email': None, 'twitter_screen_name': None, 'hidden_channels': None, 'has_confirmed_email': True, 'is_approved_account': True, 'blacklist_count': None, 'blacklist_limit': None}","{'name_color': '#E03B92', 'is_premium_hidden': False, 'is_official_hidden': False, 'is_subs_badge_hidden': False, 'is_subs_duration_hidden': False}",False,False,False,False,461895771,"[{'id': 1574, 'image_url': 'https://dqd0jw5gvbchn.cloudfront.net/badge/subscription/template/a9c440f7-c013-36a3-4484-3e412f520cc7.png', 'label': 'SS席', 'type': 'subscription', 'subscription': {'months': 13, 'tier': 2}}]",299,FES01,https://dqd0jw5gvbchn.cloudfront.net/yell/299/e40290c7cec606f0f867813e7a224bad976e2fac.gif,,,200,160,15,,_m__o214,True,3760863,825008447,まなふぃ～,,https://hayabusa.io/openrec-image/user/8250085/825008447.w90.ttl3600.v1609153225.png?format=png,https://hayabusa.io/openrec-image/user/8250085/825008447.w320.ttl3600.v1609153225.png?format=png,,,1,0,True,False,False,False,False,False,False,False,0,True,2020-10-21T19:41:57+09:00,,,,,,,bang,False,,,,,,,,,,True,True,,,1o8qe5j1g8k
3,612813,思ったより配信面白かったです　仕事があるので寝ます　作業頑張ってください！,2021-05-18T01:24:49+09:00,channel,"{'id': 299, 'name': 'FES01', 'image_url': 'https://dqd0jw5gvbchn.cloudfront.net/yell/299/e40290c7cec606f0f867813e7a224bad976e2fac.gif', 'image_url_small': '', 'animation_url': '', 'points': 200, 'yells': 160, 'ticker_seconds': 15, 'channel': None}","{'id': 'masaru11922', 'registered_user_id': True, 'openrec_user_id': 4228470, 'recxuser_id': 973549149, 'nickname': '噛みまみた', 'introduction': '', 'icon_image_url': 'https://hayabusa.io/openrec-image/user/9735492/973549149.w90.ttl3600.v1621250916.png?format=png', 'l_icon_image_url': 'https://hayabusa.io/openrec-image/user/9735492/973549149.w320.ttl3600.v1621250916.png?format=png', 'cover_image_url': 'https://hayabusa.io/openrec-image/user_background/9735492/973549149_cover.w210.ttl3600.v1621255421.png?format=png', 'l_cover_image_url': 'https://dqd0jw5gvbchn.cloudfront.net/user_background/9735492/973549149_cover.png?1621255421', 'follows': 1, 'followers': 0, 'is_premium': False, 'is_official': False, 'is_fresh': False, 'is_warned': False, 'is_team': False, 'is_league_yell': False, 'is_live': False, 'is_stats_hidden': False, 'live_views': 0, 'is_viewers_hidden': True, 'registered_at': '2021-05-17T18:55:09+09:00', 'last_updated_at': None, 'signed_in_with_facebook': None, 'signed_in_with_twitter': None, 'signed_in_with_google': None, 'signed_in_with_yahoo': None, 'signed_in_with_apple': None, 'user_status': 'bang', 'is_creator': False, 'premium_start_at': None, 'premium_charge_type': None, 'premium_payment_status': None, 'has_ppv_permission': None, 'has_active_email_token': None, 'email': None, 'pending_email': None, 'twitter_screen_name': None, 'hidden_channels': None, 'has_confirmed_email': True, 'is_approved_account': True, 'blacklist_count': None, 'blacklist_limit': None}","{'id': 'sagara_mayu', 'registered_user_id': True, 'openrec_user_id': 3758330, 'recxuser_id': 823666191, 'nickname': '相良茉優のFUN！FAN！FACTORY', 'introduction': '毎週月曜日配信の相良茉優がファンと一緒に楽しいことを作っていく番組です！\n\n番組推奨ハッシュタグ「#さがらFFF」\n是非ハッシュタグを付けて番組や相良茉優について呟いてください！\n\n「Discord」にてサブスク限定コミュニティも運営中！\n以下より連携方法をご確認ください。\nhttps://openrecnext.amebaownd.com/posts/11101764\n\n▼サブスク特典\nA席\n①メンバー限定放送・アーカイブ見放題\n②(入会初月のみ)翌月10日頃にOPENRECポイント300Pt付与\n③お誕生日月にお名前入り写真プレゼント(集合)※Discordにて前月中に申し込みの必要あり\n\nS席\n①メンバー限定放送・アーカイブ見放題\n②S席・SS席限定オフショット写真プレゼント\n③限定サイン入りチェキを抽選でプレゼント\n④(入会初月のみ)翌月10日頃にOPENRECポイント500Pt付与\n⑤お誕生日月にお名前入り写真プレゼント(個別)※Discordにて前月中に申し込みの必要あり\n\nSS席\n①メンバー限定配信・アーカイブ見放題\n②オフショット写真プレゼント\n③限定サイン入りチェキを抽選でプレゼント\n④視聴者参加型企画参加権利(抽選)\n⑤オフショット動画見放題\n⑥S席・SS席限定オフショット\n⑦(入会初月のみ)翌月10日頃にOPENRECポイント800Pt付与\n⑧お誕生日月にお名前をお呼びしたお祝い動画をプレゼント！\n\u3000(※Discordにて前月までに申し込みの必要あり)\n\n■相良茉優プロフィール\n京都府出身。4月17日生まれ。Digital Double所属。\n「アイドルメモリーズ」梶原未来で初めてのメインキャラを演じ、声優として活動を始める。\n2017年「ラブライブ！虹ヶ咲学園スクールアイドル同好会」で中須かすみに抜擢され、\n同作品のスクールアイドルとして現在放送中のアニメやゲーム・ライブで活動中。\n他にも、アプリ「ひぐらしのなく頃に命」(公由一穂)、アプリ「マギアレコード 魔法少女まどか☆マギカ外伝」(広江ちはる)等、多数作品に出演。2020年春に短編映画「時々は、眠れない夜に」に初めて実写での出演を果たした。\n', 'icon_image_url': 'https://hayabusa.io/openrec-image/user/8236662/823666191_202010211143.w90.ttl3600.png?format=png', 'l_icon_image_url': 'https://hayabusa.io/openrec-image/user/8236662/823666191_202010211143.w320.ttl3600.png?format=png', 'cover_image_url': 'https://hayabusa.io/openrec-image/user_background/8236662/823666191_202010211143.w210.ttl3600.png?format=png', 'l_cover_image_url': 'https://dqd0jw5gvbchn.cloudfront.net/user_background/8236662/823666191_202010211143.png', 'follows': 2, 'followers': 3677, 'is_premium': True, 'is_official': True, 'is_fresh': False, 'is_warned': False, 'is_team': False, 'is_league_yell': False, 'is_live': False, 'is_stats_hidden': False, 'live_views': 0, 'is_viewers_hidden': True, 'registered_at': '2020-10-19T20:34:04+09:00', 'last_updated_at': '2021-11-13T20:00:01+09:00', 'signed_in_with_facebook': None, 'signed_in_with_twitter': None, 'signed_in_with_google': None, 'signed_in_with_yahoo': None, 'signed_in_with_apple': None, 'user_status': 'special', 'is_creator': True, 'premium_start_at': None, 'premium_charge_type': None, 'premium_payment_status': None, 'has_ppv_permission': None, 'has_active_email_token': None, 'email': None, 'pending_email': None, 'twitter_screen_name': None, 'hidden_channels': None, 'has_confirmed_email': True, 'is_approved_account': True, 'blacklist_count': None, 'blacklist_limit': None}","{'name_color': '#2468DF', 'is_premium_hidden': False, 'is_official_hidden': False, 'is_subs_badge_hidden': False, 'is_subs_duration_hidden': False}",False,False,False,False,461895330,"[{'id': 1574, 'image_url': 'https://dqd0jw5gvbchn.cloudfront.net/badge/subscription/template/a9c440f7-c013-36a3-4484-3e412f520cc7.png', 'label': 'SS席', 'type': 'subscription', 'subscription': {'months': 6, 'tier': 2}}]",299,FES01,https://dqd0jw5gvbchn.cloudfront.net/yell/299/e40290c7cec606f0f867813e7a224bad976e2fac.gif,,,200,160,15,,masaru11922,True,4228470,973549149,噛みまみた,,https://hayabusa.io/openrec-image/user/9735492/973549149.w90.ttl3600.v1621250916.png?format=png,https://hayabusa.io/openrec-image/user/9735492/973549149.w320.ttl3600.v1621250916.png?format=png,https://hayabusa.io/openrec-image/user_background/9735492/973549149_cover.w210.ttl3600.v1621255421.png?format=png,https://dqd0jw5gvbchn.cloudfront.net/user_background/9735492/973549149_cover.png?1621255421,1,0,False,False,False,False,False,False,False,False,0,True,2021-05-17T18:55:09+09:00,,,,,,,bang,False,,,,,,,,,,True,True,,,1o8qe5j1g8k
4,612780,寝落ちするかもなので先にエール送っておきます。まゆちファイト〜！,2021-05-18T01:20:14+09:00,channel,"{'id': 299, 'name': 'FES01', 'image_url': 'https://dqd0jw5gvbchn.cloudfront.net/yell/299/e40290c7cec606f0f867813e7a224bad976e2fac.gif', 'image_url_small': '', 'animation_url': '', 'points': 200, 'yells': 160, 'ticker_seconds': 15, 'channel': None}","{'id': 'yukino__yuki', 'registered_user_id': True, 'openrec_user_id': 3760881, 'recxuser_id': 825015368, 'nickname': 'ゆーきん', 'introduction': '', 'icon_image_url': 'https://hayabusa.io/openrec-image/user/8250154/825015368.w90.ttl3600.v1604306700.png?format=png', 'l_icon_image_url': 'https://hayabusa.io/openrec-image/user/8250154/825015368.w320.ttl3600.v1604306700.png?format=png', 'cover_image_url': '', 'l_cover_image_url': '', 'follows': 8, 'followers': 0, 'is_premium': False, 'is_official': False, 'is_fresh': False, 'is_warned': False, 'is_team': False, 'is_league_yell': False, 'is_live': False, 'is_stats_hidden': False, 'live_views': 0, 'is_viewers_hidden': True, 'registered_at': '2020-10-21T19:54:33+09:00', 'last_updated_at': None, 'signed_in_with_facebook': None, 'signed_in_with_twitter': None, 'signed_in_with_google': None, 'signed_in_with_yahoo': None, 'signed_in_with_apple': None, 'user_status': 'bang', 'is_creator': False, 'premium_start_at': None, 'premium_charge_type': None, 'premium_payment_status': None, 'has_ppv_permission': None, 'has_active_email_token': None, 'email': None, 'pending_email': None, 'twitter_screen_name': None, 'hidden_channels': None, 'has_confirmed_email': True, 'is_approved_account': True, 'blacklist_count': None, 'blacklist_limit': None}","{'id': 'sagara_mayu', 'registered_user_id': True, 'openrec_user_id': 3758330, 'recxuser_id': 823666191, 'nickname': '相良茉優のFUN！FAN！FACTORY', 'introduction': '毎週月曜日配信の相良茉優がファンと一緒に楽しいことを作っていく番組です！\n\n番組推奨ハッシュタグ「#さがらFFF」\n是非ハッシュタグを付けて番組や相良茉優について呟いてください！\n\n「Discord」にてサブスク限定コミュニティも運営中！\n以下より連携方法をご確認ください。\nhttps://openrecnext.amebaownd.com/posts/11101764\n\n▼サブスク特典\nA席\n①メンバー限定放送・アーカイブ見放題\n②(入会初月のみ)翌月10日頃にOPENRECポイント300Pt付与\n③お誕生日月にお名前入り写真プレゼント(集合)※Discordにて前月中に申し込みの必要あり\n\nS席\n①メンバー限定放送・アーカイブ見放題\n②S席・SS席限定オフショット写真プレゼント\n③限定サイン入りチェキを抽選でプレゼント\n④(入会初月のみ)翌月10日頃にOPENRECポイント500Pt付与\n⑤お誕生日月にお名前入り写真プレゼント(個別)※Discordにて前月中に申し込みの必要あり\n\nSS席\n①メンバー限定配信・アーカイブ見放題\n②オフショット写真プレゼント\n③限定サイン入りチェキを抽選でプレゼント\n④視聴者参加型企画参加権利(抽選)\n⑤オフショット動画見放題\n⑥S席・SS席限定オフショット\n⑦(入会初月のみ)翌月10日頃にOPENRECポイント800Pt付与\n⑧お誕生日月にお名前をお呼びしたお祝い動画をプレゼント！\n\u3000(※Discordにて前月までに申し込みの必要あり)\n\n■相良茉優プロフィール\n京都府出身。4月17日生まれ。Digital Double所属。\n「アイドルメモリーズ」梶原未来で初めてのメインキャラを演じ、声優として活動を始める。\n2017年「ラブライブ！虹ヶ咲学園スクールアイドル同好会」で中須かすみに抜擢され、\n同作品のスクールアイドルとして現在放送中のアニメやゲーム・ライブで活動中。\n他にも、アプリ「ひぐらしのなく頃に命」(公由一穂)、アプリ「マギアレコード 魔法少女まどか☆マギカ外伝」(広江ちはる)等、多数作品に出演。2020年春に短編映画「時々は、眠れない夜に」に初めて実写での出演を果たした。\n', 'icon_image_url': 'https://hayabusa.io/openrec-image/user/8236662/823666191_202010211143.w90.ttl3600.png?format=png', 'l_icon_image_url': 'https://hayabusa.io/openrec-image/user/8236662/823666191_202010211143.w320.ttl3600.png?format=png', 'cover_image_url': 'https://hayabusa.io/openrec-image/user_background/8236662/823666191_202010211143.w210.ttl3600.png?format=png', 'l_cover_image_url': 'https://dqd0jw5gvbchn.cloudfront.net/user_background/8236662/823666191_202010211143.png', 'follows': 2, 'followers': 3677, 'is_premium': True, 'is_official': True, 'is_fresh': False, 'is_warned': False, 'is_team': False, 'is_league_yell': False, 'is_live': False, 'is_stats_hidden': False, 'live_views': 0, 'is_viewers_hidden': True, 'registered_at': '2020-10-19T20:34:04+09:00', 'last_updated_at': '2021-11-13T20:00:01+09:00', 'signed_in_with_facebook': None, 'signed_in_with_twitter': None, 'signed_in_with_google': None, 'signed_in_with_yahoo': None, 'signed_in_with_apple': None, 'user_status': 'special', 'is_creator': True, 'premium_start_at': None, 'premium_charge_type': None, 'premium_payment_status': None, 'has_ppv_permission': None, 'has_active_email_token': None, 'email': None, 'pending_email': None, 'twitter_screen_name': None, 'hidden_channels': None, 'has_confirmed_email': True, 'is_approved_account': True, 'blacklist_count': None, 'blacklist_limit': None}","{'name_color': '#4DF77A', 'is_premium_hidden': False, 'is_official_hidden': False, 'is_subs_badge_hidden': False, 'is_subs_duration_hidden': False}",False,False,False,False,461892717,"[{'id': 1574, 'image_url': 'https://dqd0jw5gvbchn.cloudfront.net/badge/subscription/template/a9c440f7-c013-36a3-4484-3e412f520cc7.png', 'label': 'SS席', 'type': 'subscription', 'subscription': {'months': 13, 'tier': 2}}]",299,FES01,https://dqd0jw5gvbchn.cloudfront.net/yell/299/e40290c7cec606f0f867813e7a224bad976e2fac.gif,,,200,160,15,,yukino__yuki,True,3760881,825015368,ゆーきん,,https://hayabusa.io/openrec-image/user/8250154/825015368.w90.ttl3600.v1604306700.png?format=png,https://hayabusa.io/openrec-image/user/8250154/825015368.w320.ttl3600.v1604306700.png?format=png,,,8,0,False,False,False,False,False,False,False,False,0,True,2020-10-21T19:54:33+09:00,,,,,,,bang,False,,,,,,,,,,True,True,,,1o8qe5j1g8k
5,612772,適度に休憩は取ってくださいね,2021-05-18T01:19:41+09:00,channel,"{'id': 299, 'name': 'FES01', 'image_url': 'https://dqd0jw5gvbchn.cloudfront.net/yell/299/e40290c7cec606f0f867813e7a224bad976e2fac.gif', 'image_url_small': '', 'animation_url': '', 'points': 200, 'yells': 160, 'ticker_seconds': 15, 'channel': None}","{'id': 'pokeshiki', 'registered_user_id': True, 'openrec_user_id': 3810914, 'recxuser_id': 835062943, 'nickname': 'ぽけ式', 'introduction': 'さがらーです！！\n写真を鳥仕様にしました。\n自分で撮影したものです。', 'icon_image_url': 'https://hayabusa.io/openrec-image/user/8350630/835062943.w90.ttl3600.v1622904096.png?format=png', 'l_icon_image_url': 'https://hayabusa.io/openrec-image/user/8350630/835062943.w320.ttl3600.v1622904096.png?format=png', 'cover_image_url': 'https://hayabusa.io/openrec-image/user_background/8350630/835062943_cover.w210.ttl3600.v1609191140.png?format=png', 'l_cover_image_url': 'https://dqd0jw5gvbchn.cloudfront.net/user_background/8350630/835062943_cover.png?1609191140', 'follows': 2, 'followers': 0, 'is_premium': False, 'is_official': False, 'is_fresh': False, 'is_warned': False, 'is_team': False, 'is_league_yell': False, 'is_live': False, 'is_stats_hidden': False, 'live_views': 0, 'is_viewers_hidden': True, 'registered_at': '2020-11-04T23:21:37+09:00', 'last_updated_at': None, 'signed_in_with_facebook': None, 'signed_in_with_twitter': None, 'signed_in_with_google': None, 'signed_in_with_yahoo': None, 'signed_in_with_apple': None, 'user_status': 'bang', 'is_creator': False, 'premium_start_at': None, 'premium_charge_type': None, 'premium_payment_status': None, 'has_ppv_permission': None, 'has_active_email_token': None, 'email': None, 'pending_email': None, 'twitter_screen_name': None, 'hidden_channels': None, 'has_confirmed_email': True, 'is_approved_account': True, 'blacklist_count': None, 'blacklist_limit': None}","{'id': 'sagara_mayu', 'registered_user_id': True, 'openrec_user_id': 3758330, 'recxuser_id': 823666191, 'nickname': '相良茉優のFUN！FAN！FACTORY', 'introduction': '毎週月曜日配信の相良茉優がファンと一緒に楽しいことを作っていく番組です！\n\n番組推奨ハッシュタグ「#さがらFFF」\n是非ハッシュタグを付けて番組や相良茉優について呟いてください！\n\n「Discord」にてサブスク限定コミュニティも運営中！\n以下より連携方法をご確認ください。\nhttps://openrecnext.amebaownd.com/posts/11101764\n\n▼サブスク特典\nA席\n①メンバー限定放送・アーカイブ見放題\n②(入会初月のみ)翌月10日頃にOPENRECポイント300Pt付与\n③お誕生日月にお名前入り写真プレゼント(集合)※Discordにて前月中に申し込みの必要あり\n\nS席\n①メンバー限定放送・アーカイブ見放題\n②S席・SS席限定オフショット写真プレゼント\n③限定サイン入りチェキを抽選でプレゼント\n④(入会初月のみ)翌月10日頃にOPENRECポイント500Pt付与\n⑤お誕生日月にお名前入り写真プレゼント(個別)※Discordにて前月中に申し込みの必要あり\n\nSS席\n①メンバー限定配信・アーカイブ見放題\n②オフショット写真プレゼント\n③限定サイン入りチェキを抽選でプレゼント\n④視聴者参加型企画参加権利(抽選)\n⑤オフショット動画見放題\n⑥S席・SS席限定オフショット\n⑦(入会初月のみ)翌月10日頃にOPENRECポイント800Pt付与\n⑧お誕生日月にお名前をお呼びしたお祝い動画をプレゼント！\n\u3000(※Discordにて前月までに申し込みの必要あり)\n\n■相良茉優プロフィール\n京都府出身。4月17日生まれ。Digital Double所属。\n「アイドルメモリーズ」梶原未来で初めてのメインキャラを演じ、声優として活動を始める。\n2017年「ラブライブ！虹ヶ咲学園スクールアイドル同好会」で中須かすみに抜擢され、\n同作品のスクールアイドルとして現在放送中のアニメやゲーム・ライブで活動中。\n他にも、アプリ「ひぐらしのなく頃に命」(公由一穂)、アプリ「マギアレコード 魔法少女まどか☆マギカ外伝」(広江ちはる)等、多数作品に出演。2020年春に短編映画「時々は、眠れない夜に」に初めて実写での出演を果たした。\n', 'icon_image_url': 'https://hayabusa.io/openrec-image/user/8236662/823666191_202010211143.w90.ttl3600.png?format=png', 'l_icon_image_url': 'https://hayabusa.io/openrec-image/user/8236662/823666191_202010211143.w320.ttl3600.png?format=png', 'cover_image_url': 'https://hayabusa.io/openrec-image/user_background/8236662/823666191_202010211143.w210.ttl3600.png?format=png', 'l_cover_image_url': 'https://dqd0jw5gvbchn.cloudfront.net/user_background/8236662/823666191_202010211143.png', 'follows': 2, 'followers': 3677, 'is_premium': True, 'is_official': True, 'is_fresh': False, 'is_warned': False, 'is_team': False, 'is_league_yell': False, 'is_live': False, 'is_stats_hidden': False, 'live_views': 0, 'is_viewers_hidden': True, 'registered_at': '2020-10-19T20:34:04+09:00', 'last_updated_at': '2021-11-13T20:00:01+09:00', 'signed_in_with_facebook': None, 'signed_in_with_twitter': None, 'signed_in_with_google': None, 'signed_in_with_yahoo': None, 'signed_in_with_apple': None, 'user_status': 'special', 'is_creator': True, 'premium_start_at': None, 'premium_charge_type': None, 'premium_payment_status': None, 'has_ppv_permission': None, 'has_active_email_token': None, 'email': None, 'pending_email': None, 'twitter_screen_name': None, 'hidden_channels': None, 'has_confirmed_email': True, 'is_approved_account': True, 'blacklist_count': None, 'blacklist_limit': None}","{'name_color': '#94FF0D', 'is_premium_hidden': False, 'is_official_hidden': False, 'is_subs_badge_hidden': False, 'is_subs_duration_hidden': False}",False,False,False,False,461892094,"[{'id': 1574, 'image_url': 'https://dqd0jw5gvbchn.cloudfront.net/badge/subscription/template/a9c440f7-c013-36a3-4484-3e412f520cc7.png', 'label': 'SS席', 'type': 'subscription', 'subscription': {'months': 13, 'tier': 2}}]",299,FES01,https://dqd0jw5gvbchn.cloudfront.net/yell/299/e40290c7cec606f0f867813e7a224bad976e2fac.gif,,,200,160,15,,pokeshiki,True,3810914,835062943,ぽけ式,"さがらーです！！
写真を鳥仕様にしました。
自分で撮影したものです。",https://hayabusa.io/openrec-image/user/8350630/835062943.w90.ttl3600.v1622904096.png?format=png,https://hayabusa.io/openrec-image/user/8350630/835062943.w320.ttl3600.v1622904096.png?format=png,https://hayabusa.io/openrec-image/user_background/8350630/835062943_cover.w210.ttl3600.v1609191140.png?format=png,https://dqd0jw5gvbchn.cloudfront.net/user_background/8350630/835062943_cover.png?1609191140,2,0,False,False,False,False,False,False,False,False,0,True,2020-11-04T23:21:37+09:00,,,,,,,bang,False,,,,,,,,,,True,True,,,1o8qe5j1g8k
6,612770,先程、姉に連絡とって少し高いお酒と手料理を振る舞う事になりました。頑張ります！,2021-05-18T01:19:25+09:00,channel,"{'id': 299, 'name': 'FES01', 'image_url': 'https://dqd0jw5gvbchn.cloudfront.net/yell/299/e40290c7cec606f0f867813e7a224bad976e2fac.gif', 'image_url_small': '', 'animation_url': '', 'points': 200, 'yells': 160, 'ticker_seconds': 15, 'channel': None}","{'id': 'aoi040525', 'registered_user_id': True, 'openrec_user_id': 3856193, 'recxuser_id': 738742397, 'nickname': 'ブルーム', 'introduction': '', 'icon_image_url': '', 'l_icon_image_url': '', 'cover_image_url': '', 'l_cover_image_url': '', 'follows': 1, 'followers': 0, 'is_premium': False, 'is_official': False, 'is_fresh': False, 'is_warned': False, 'is_team': False, 'is_league_yell': False, 'is_live': False, 'is_stats_hidden': False, 'live_views': 0, 'is_viewers_hidden': True, 'registered_at': '2020-11-24T23:02:30+09:00', 'last_updated_at': None, 'signed_in_with_facebook': None, 'signed_in_with_twitter': None, 'signed_in_with_google': None, 'signed_in_with_yahoo': None, 'signed_in_with_apple': None, 'user_status': 'bang', 'is_creator': False, 'premium_start_at': None, 'premium_charge_type': None, 'premium_payment_status': None, 'has_ppv_permission': None, 'has_active_email_token': None, 'email': None, 'pending_email': None, 'twitter_screen_name': None, 'hidden_channels': None, 'has_confirmed_email': True, 'is_approved_account': True, 'blacklist_count': None, 'blacklist_limit': None}","{'id': 'sagara_mayu', 'registered_user_id': True, 'openrec_user_id': 3758330, 'recxuser_id': 823666191, 'nickname': '相良茉優のFUN！FAN！FACTORY', 'introduction': '毎週月曜日配信の相良茉優がファンと一緒に楽しいことを作っていく番組です！\n\n番組推奨ハッシュタグ「#さがらFFF」\n是非ハッシュタグを付けて番組や相良茉優について呟いてください！\n\n「Discord」にてサブスク限定コミュニティも運営中！\n以下より連携方法をご確認ください。\nhttps://openrecnext.amebaownd.com/posts/11101764\n\n▼サブスク特典\nA席\n①メンバー限定放送・アーカイブ見放題\n②(入会初月のみ)翌月10日頃にOPENRECポイント300Pt付与\n③お誕生日月にお名前入り写真プレゼント(集合)※Discordにて前月中に申し込みの必要あり\n\nS席\n①メンバー限定放送・アーカイブ見放題\n②S席・SS席限定オフショット写真プレゼント\n③限定サイン入りチェキを抽選でプレゼント\n④(入会初月のみ)翌月10日頃にOPENRECポイント500Pt付与\n⑤お誕生日月にお名前入り写真プレゼント(個別)※Discordにて前月中に申し込みの必要あり\n\nSS席\n①メンバー限定配信・アーカイブ見放題\n②オフショット写真プレゼント\n③限定サイン入りチェキを抽選でプレゼント\n④視聴者参加型企画参加権利(抽選)\n⑤オフショット動画見放題\n⑥S席・SS席限定オフショット\n⑦(入会初月のみ)翌月10日頃にOPENRECポイント800Pt付与\n⑧お誕生日月にお名前をお呼びしたお祝い動画をプレゼント！\n\u3000(※Discordにて前月までに申し込みの必要あり)\n\n■相良茉優プロフィール\n京都府出身。4月17日生まれ。Digital Double所属。\n「アイドルメモリーズ」梶原未来で初めてのメインキャラを演じ、声優として活動を始める。\n2017年「ラブライブ！虹ヶ咲学園スクールアイドル同好会」で中須かすみに抜擢され、\n同作品のスクールアイドルとして現在放送中のアニメやゲーム・ライブで活動中。\n他にも、アプリ「ひぐらしのなく頃に命」(公由一穂)、アプリ「マギアレコード 魔法少女まどか☆マギカ外伝」(広江ちはる)等、多数作品に出演。2020年春に短編映画「時々は、眠れない夜に」に初めて実写での出演を果たした。\n', 'icon_image_url': 'https://hayabusa.io/openrec-image/user/8236662/823666191_202010211143.w90.ttl3600.png?format=png', 'l_icon_image_url': 'https://hayabusa.io/openrec-image/user/8236662/823666191_202010211143.w320.ttl3600.png?format=png', 'cover_image_url': 'https://hayabusa.io/openrec-image/user_background/8236662/823666191_202010211143.w210.ttl3600.png?format=png', 'l_cover_image_url': 'https://dqd0jw5gvbchn.cloudfront.net/user_background/8236662/823666191_202010211143.png', 'follows': 2, 'followers': 3677, 'is_premium': True, 'is_official': True, 'is_fresh': False, 'is_warned': False, 'is_team': False, 'is_league_yell': False, 'is_live': False, 'is_stats_hidden': False, 'live_views': 0, 'is_viewers_hidden': True, 'registered_at': '2020-10-19T20:34:04+09:00', 'last_updated_at': '2021-11-13T20:00:01+09:00', 'signed_in_with_facebook': None, 'signed_in_with_twitter': None, 'signed_in_with_google': None, 'signed_in_with_yahoo': None, 'signed_in_with_apple': None, 'user_status': 'special', 'is_creator': True, 'premium_start_at': None, 'premium_charge_type': None, 'premium_payment_status': None, 'has_ppv_permission': None, 'has_active_email_token': None, 'email': None, 'pending_email': None, 'twitter_screen_name': None, 'hidden_channels': None, 'has_confirmed_email': True, 'is_approved_account': True, 'blacklist_count': None, 'blacklist_limit': None}","{'name_color': '#B6FF59', 'is_premium_hidden': False, 'is_official_hidden': False, 'is_subs_badge_hidden': False, 'is_subs_duration_hidden': False}",False,False,False,False,461891747,"[{'id': 1574, 'image_url': 'https://dqd0jw5gvbchn.cloudfront.net/badge/subscription/template/a9c440f7-c013-36a3-4484-3e412f520cc7.png', 'label': 'SS席', 'type': 'subscription', 'subscription': {'months': 11, 'tier': 2}}]",299,FES01,https://dqd0jw5gvbchn.cloudfront.net/yell/299/e40290c7cec606f0f867813e7a224bad976e2fac.gif,,,200,160,15,,aoi040525,True,3856193,738742397,ブルーム,,,,,,1,0,False,False,False,False,False,False,False,False,0,True,2020-11-24T23:02:30+09:00,,,,,,,bang,False,,,,,,,,,,True,True,,,1o8qe5j1g8k
7,612768,残業代です,2021-05-18T01:19:18+09:00,channel,"{'id': 299, 'name': 'FES01', 'image_url': 'https://dqd0jw5gvbchn.cloudfront.net/yell/299/e40290c7cec606f0f867813e7a224bad976e2fac.gif', 'image_url_small': '', 'animation_url': '', 'points': 200, 'yells': 160, 'ticker_seconds': 15, 'channel': None}","{'id': 's_kanzaki', 'registered_user_id': True, 'openrec_user_id': 3806681, 'recxuser_id': 833669184, 'nickname': 'しんく', 'introduction': 'まゆちの｢さがらFFF｣をみたいが為に登録しました\n\nよろしくお願いしますm(*_ _)m', 'icon_image_url': 'https://hayabusa.io/openrec-image/user/8336692/833669184.w90.ttl3600.v1604326512.png?format=png', 'l_icon_image_url': 'https://hayabusa.io/openrec-image/user/8336692/833669184.w320.ttl3600.v1604326512.png?format=png', 'cover_image_url': 'https://hayabusa.io/openrec-image/user_background/8336692/833669184_cover.w210.ttl3600.v1604326512.png?format=png', 'l_cover_image_url': 'https://dqd0jw5gvbchn.cloudfront.net/user_background/8336692/833669184_cover.png?1604326512', 'follows': 2, 'followers': 0, 'is_premium': True, 'is_official': False, 'is_fresh': False, 'is_warned': False, 'is_team': False, 'is_league_yell': False, 'is_live': False, 'is_stats_hidden': False, 'live_views': 0, 'is_viewers_hidden': True, 'registered_at': '2020-11-02T23:02:11+09:00', 'last_updated_at': None, 'signed_in_with_facebook': None, 'signed_in_with_twitter': None, 'signed_in_with_google': None, 'signed_in_with_yahoo': None, 'signed_in_with_apple': None, 'user_status': 'bang', 'is_creator': False, 'premium_start_at': None, 'premium_charge_type': None, 'premium_payment_status': None, 'has_ppv_permission': None, 'has_active_email_token': None, 'email': None, 'pending_email': None, 'twitter_screen_name': None, 'hidden_channels': None, 'has_confirmed_email': True, 'is_approved_account': True, 'blacklist_count': None, 'blacklist_limit': None}","{'id': 'sagara_mayu', 'registered_user_id': True, 'openrec_user_id': 3758330, 'recxuser_id': 823666191, 'nickname': '相良茉優のFUN！FAN！FACTORY', 'introduction': '毎週月曜日配信の相良茉優がファンと一緒に楽しいことを作っていく番組です！\n\n番組推奨ハッシュタグ「#さがらFFF」\n是非ハッシュタグを付けて番組や相良茉優について呟いてください！\n\n「Discord」にてサブスク限定コミュニティも運営中！\n以下より連携方法をご確認ください。\nhttps://openrecnext.amebaownd.com/posts/11101764\n\n▼サブスク特典\nA席\n①メンバー限定放送・アーカイブ見放題\n②(入会初月のみ)翌月10日頃にOPENRECポイント300Pt付与\n③お誕生日月にお名前入り写真プレゼント(集合)※Discordにて前月中に申し込みの必要あり\n\nS席\n①メンバー限定放送・アーカイブ見放題\n②S席・SS席限定オフショット写真プレゼント\n③限定サイン入りチェキを抽選でプレゼント\n④(入会初月のみ)翌月10日頃にOPENRECポイント500Pt付与\n⑤お誕生日月にお名前入り写真プレゼント(個別)※Discordにて前月中に申し込みの必要あり\n\nSS席\n①メンバー限定配信・アーカイブ見放題\n②オフショット写真プレゼント\n③限定サイン入りチェキを抽選でプレゼント\n④視聴者参加型企画参加権利(抽選)\n⑤オフショット動画見放題\n⑥S席・SS席限定オフショット\n⑦(入会初月のみ)翌月10日頃にOPENRECポイント800Pt付与\n⑧お誕生日月にお名前をお呼びしたお祝い動画をプレゼント！\n\u3000(※Discordにて前月までに申し込みの必要あり)\n\n■相良茉優プロフィール\n京都府出身。4月17日生まれ。Digital Double所属。\n「アイドルメモリーズ」梶原未来で初めてのメインキャラを演じ、声優として活動を始める。\n2017年「ラブライブ！虹ヶ咲学園スクールアイドル同好会」で中須かすみに抜擢され、\n同作品のスクールアイドルとして現在放送中のアニメやゲーム・ライブで活動中。\n他にも、アプリ「ひぐらしのなく頃に命」(公由一穂)、アプリ「マギアレコード 魔法少女まどか☆マギカ外伝」(広江ちはる)等、多数作品に出演。2020年春に短編映画「時々は、眠れない夜に」に初めて実写での出演を果たした。\n', 'icon_image_url': 'https://hayabusa.io/openrec-image/user/8236662/823666191_202010211143.w90.ttl3600.png?format=png', 'l_icon_image_url': 'https://hayabusa.io/openrec-image/user/8236662/823666191_202010211143.w320.ttl3600.png?format=png', 'cover_image_url': 'https://hayabusa.io/openrec-image/user_background/8236662/823666191_202010211143.w210.ttl3600.png?format=png', 'l_cover_image_url': 'https://dqd0jw5gvbchn.cloudfront.net/user_background/8236662/823666191_202010211143.png', 'follows': 2, 'followers': 3677, 'is_premium': True, 'is_official': True, 'is_fresh': False, 'is_warned': False, 'is_team': False, 'is_league_yell': False, 'is_live': False, 'is_stats_hidden': False, 'live_views': 0, 'is_viewers_hidden': True, 'registered_at': '2020-10-19T20:34:04+09:00', 'last_updated_at': '2021-11-13T20:00:01+09:00', 'signed_in_with_facebook': None, 'signed_in_with_twitter': None, 'signed_in_with_google': None, 'signed_in_with_yahoo': None, 'signed_in_with_apple': None, 'user_status': 'special', 'is_creator': True, 'premium_start_at': None, 'premium_charge_type': None, 'premium_payment_status': None, 'has_ppv_permission': None, 'has_active_email_token': None, 'email': None, 'pending_email': None, 'twitter_screen_name': None, 'hidden_channels': None, 'has_confirmed_email': True, 'is_approved_account': True, 'blacklist_count': None, 'blacklist_limit': None}","{'name_color': '#FFEC00', 'is_premium_hidden': False, 'is_official_hidden': False, 'is_subs_badge_hidden': False, 'is_subs_duration_hidden': False}",False,False,False,False,461891602,"[{'id': 1574, 'image_url': 'https://dqd0jw5gvbchn.cloudfront.net/badge/subscription/template/a9c440f7-c013-36a3-4484-3e412f520cc7.png', 'label': 'SS席', 'type': 'subscription', 'subscription': {'months': 13, 'tier': 2}}]",299,FES01,https://dqd0jw5gvbchn.cloudfront.net/yell/299/e40290c7cec606f0f867813e7a224bad976e2fac.gif,,,200,160,15,,s_kanzaki,True,3806681,833669184,しんく,"まゆちの｢さがらFFF｣をみたいが為に登録しました

よろしくお願いしますm(*_ _)m",https://hayabusa.io/openrec-image/user/8336692/833669184.w90.ttl3600.v1604326512.png?format=png,https://hayabusa.io/openrec-image/user/8336692/833669184.w320.ttl3600.v1604326512.png?format=png,https://hayabusa.io/openrec-image/user_background/8336692/833669184_cover.w210.ttl3600.v1604326512.png?format=png,https://dqd0jw5gvbchn.cloudfront.net/user_background/8336692/833669184_cover.png?1604326512,2,0,True,False,False,False,False,False,False,False,0,True,2020-11-02T23:02:11+09:00,,,,,,,bang,False,,,,,,,,,,True,True,,,1o8qe5j1g8k
8,612765,深夜残業お疲れ様です,2021-05-18T01:18:48+09:00,channel,"{'id': 299, 'name': 'FES01', 'image_url': 'https://dqd0jw5gvbchn.cloudfront.net/yell/299/e40290c7cec606f0f867813e7a224bad976e2fac.gif', 'image_url_small': '', 'animation_url': '', 'points': 200, 'yells': 160, 'ticker_seconds': 15, 'channel': None}","{'id': 'ohagi88', 'registered_user_id': True, 'openrec_user_id': 3805293, 'recxuser_id': 833460922, 'nickname': 'おはぎ', 'introduction': '', 'icon_image_url': 'https://hayabusa.io/openrec-image/user/8334610/833460922.w90.ttl3600.v1604302070.png?format=png', 'l_icon_image_url': 'https://hayabusa.io/openrec-image/user/8334610/833460922.w320.ttl3600.v1604302070.png?format=png', 'cover_image_url': '', 'l_cover_image_url': '', 'follows': 1, 'followers': 0, 'is_premium': False, 'is_official': False, 'is_fresh': False, 'is_warned': False, 'is_team': False, 'is_league_yell': False, 'is_live': False, 'is_stats_hidden': False, 'live_views': 0, 'is_viewers_hidden': True, 'registered_at': '2020-11-02T16:27:49+09:00', 'last_updated_at': None, 'signed_in_with_facebook': None, 'signed_in_with_twitter': None, 'signed_in_with_google': None, 'signed_in_with_yahoo': None, 'signed_in_with_apple': None, 'user_status': 'bang', 'is_creator': False, 'premium_start_at': None, 'premium_charge_type': None, 'premium_payment_status': None, 'has_ppv_permission': None, 'has_active_email_token': None, 'email': None, 'pending_email': None, 'twitter_screen_name': None, 'hidden_channels': None, 'has_confirmed_email': True, 'is_approved_account': True, 'blacklist_count': None, 'blacklist_limit': None}","{'id': 'sagara_mayu', 'registered_user_id': True, 'openrec_user_id': 3758330, 'recxuser_id': 823666191, 'nickname': '相良茉優のFUN！FAN！FACTORY', 'introduction': '毎週月曜日配信の相良茉優がファンと一緒に楽しいことを作っていく番組です！\n\n番組推奨ハッシュタグ「#さがらFFF」\n是非ハッシュタグを付けて番組や相良茉優について呟いてください！\n\n「Discord」にてサブスク限定コミュニティも運営中！\n以下より連携方法をご確認ください。\nhttps://openrecnext.amebaownd.com/posts/11101764\n\n▼サブスク特典\nA席\n①メンバー限定放送・アーカイブ見放題\n②(入会初月のみ)翌月10日頃にOPENRECポイント300Pt付与\n③お誕生日月にお名前入り写真プレゼント(集合)※Discordにて前月中に申し込みの必要あり\n\nS席\n①メンバー限定放送・アーカイブ見放題\n②S席・SS席限定オフショット写真プレゼント\n③限定サイン入りチェキを抽選でプレゼント\n④(入会初月のみ)翌月10日頃にOPENRECポイント500Pt付与\n⑤お誕生日月にお名前入り写真プレゼント(個別)※Discordにて前月中に申し込みの必要あり\n\nSS席\n①メンバー限定配信・アーカイブ見放題\n②オフショット写真プレゼント\n③限定サイン入りチェキを抽選でプレゼント\n④視聴者参加型企画参加権利(抽選)\n⑤オフショット動画見放題\n⑥S席・SS席限定オフショット\n⑦(入会初月のみ)翌月10日頃にOPENRECポイント800Pt付与\n⑧お誕生日月にお名前をお呼びしたお祝い動画をプレゼント！\n\u3000(※Discordにて前月までに申し込みの必要あり)\n\n■相良茉優プロフィール\n京都府出身。4月17日生まれ。Digital Double所属。\n「アイドルメモリーズ」梶原未来で初めてのメインキャラを演じ、声優として活動を始める。\n2017年「ラブライブ！虹ヶ咲学園スクールアイドル同好会」で中須かすみに抜擢され、\n同作品のスクールアイドルとして現在放送中のアニメやゲーム・ライブで活動中。\n他にも、アプリ「ひぐらしのなく頃に命」(公由一穂)、アプリ「マギアレコード 魔法少女まどか☆マギカ外伝」(広江ちはる)等、多数作品に出演。2020年春に短編映画「時々は、眠れない夜に」に初めて実写での出演を果たした。\n', 'icon_image_url': 'https://hayabusa.io/openrec-image/user/8236662/823666191_202010211143.w90.ttl3600.png?format=png', 'l_icon_image_url': 'https://hayabusa.io/openrec-image/user/8236662/823666191_202010211143.w320.ttl3600.png?format=png', 'cover_image_url': 'https://hayabusa.io/openrec-image/user_background/8236662/823666191_202010211143.w210.ttl3600.png?format=png', 'l_cover_image_url': 'https://dqd0jw5gvbchn.cloudfront.net/user_background/8236662/823666191_202010211143.png', 'follows': 2, 'followers': 3677, 'is_premium': True, 'is_official': True, 'is_fresh': False, 'is_warned': False, 'is_team': False, 'is_league_yell': False, 'is_live': False, 'is_stats_hidden': False, 'live_views': 0, 'is_viewers_hidden': True, 'registered_at': '2020-10-19T20:34:04+09:00', 'last_updated_at': '2021-11-13T20:00:01+09:00', 'signed_in_with_facebook': None, 'signed_in_with_twitter': None, 'signed_in_with_google': None, 'signed_in_with_yahoo': None, 'signed_in_with_apple': None, 'user_status': 'special', 'is_creator': True, 'premium_start_at': None, 'premium_charge_type': None, 'premium_payment_status': None, 'has_ppv_permission': None, 'has_active_email_token': None, 'email': None, 'pending_email': None, 'twitter_screen_name': None, 'hidden_channels': None, 'has_confirmed_email': True, 'is_approved_account': True, 'blacklist_count': None, 'blacklist_limit': None}","{'name_color': '#FFEC00', 'is_premium_hidden': False, 'is_official_hidden': False, 'is_subs_badge_hidden': False, 'is_subs_duration_hidden': False}",False,False,False,False,461891152,"[{'id': 1574, 'image_url': 'https://dqd0jw5gvbchn.cloudfront.net/badge/subscription/template/a9c440f7-c013-36a3-4484-3e412f520cc7.png', 'label': 'SS席', 'type': 'subscription', 'subscription': {'months': 13, 'tier': 2}}]",299,FES01,https://dqd0jw5gvbchn.cloudfront.net/yell/299/e40290c7cec606f0f867813e7a224bad976e2fac.gif,,,200,160,15,,ohagi88,True,3805293,833460922,おはぎ,,https://hayabusa.io/openrec-image/user/8334610/833460922.w90.ttl3600.v1604302070.png?format=png,https://hayabusa.io/openrec-image/user/8334610/833460922.w320.ttl3600.v1604302070.png?format=png,,,1,0,False,False,False,False,False,False,False,False,0,True,2020-11-02T16:27:49+09:00,,,,,,,bang,False,,,,,,,,,,True,True,,,1o8qe5j1g8k
9,612764,この絵面が既におもしろいんですが…,2021-05-18T01:18:44+09:00,channel,"{'id': 299, 'name': 'FES01', 'image_url': 'https://dqd0jw5gvbchn.cloudfront.net/yell/299/e40290c7cec606f0f867813e7a224bad976e2fac.gif', 'image_url_small': '', 'animation_url': '', 'points': 200, 'yells': 160, 'ticker_seconds': 15, 'channel': None}","{'id': 'bell_mark_', 'registered_user_id': True, 'openrec_user_id': 1127338, 'recxuser_id': 150742614, 'nickname': 'べるまーく', 'introduction': '', 'icon_image_url': 'https://hayabusa.io/openrec-image/user/1507427/150742614.w90.ttl3600.v1606112333.png?format=png', 'l_icon_image_url': 'https://hayabusa.io/openrec-image/user/1507427/150742614.w320.ttl3600.v1606112333.png?format=png', 'cover_image_url': '', 'l_cover_image_url': '', 'follows': 4, 'followers': 0, 'is_premium': False, 'is_official': False, 'is_fresh': False, 'is_warned': False, 'is_team': False, 'is_league_yell': False, 'is_live': False, 'is_stats_hidden': False, 'live_views': 0, 'is_viewers_hidden': True, 'registered_at': '2017-11-14T12:43:01+09:00', 'last_updated_at': None, 'signed_in_with_facebook': None, 'signed_in_with_twitter': None, 'signed_in_with_google': None, 'signed_in_with_yahoo': None, 'signed_in_with_apple': None, 'user_status': 'bang', 'is_creator': False, 'premium_start_at': None, 'premium_charge_type': None, 'premium_payment_status': None, 'has_ppv_permission': None, 'has_active_email_token': None, 'email': None, 'pending_email': None, 'twitter_screen_name': None, 'hidden_channels': None, 'has_confirmed_email': True, 'is_approved_account': True, 'blacklist_count': None, 'blacklist_limit': None}","{'id': 'sagara_mayu', 'registered_user_id': True, 'openrec_user_id': 3758330, 'recxuser_id': 823666191, 'nickname': '相良茉優のFUN！FAN！FACTORY', 'introduction': '毎週月曜日配信の相良茉優がファンと一緒に楽しいことを作っていく番組です！\n\n番組推奨ハッシュタグ「#さがらFFF」\n是非ハッシュタグを付けて番組や相良茉優について呟いてください！\n\n「Discord」にてサブスク限定コミュニティも運営中！\n以下より連携方法をご確認ください。\nhttps://openrecnext.amebaownd.com/posts/11101764\n\n▼サブスク特典\nA席\n①メンバー限定放送・アーカイブ見放題\n②(入会初月のみ)翌月10日頃にOPENRECポイント300Pt付与\n③お誕生日月にお名前入り写真プレゼント(集合)※Discordにて前月中に申し込みの必要あり\n\nS席\n①メンバー限定放送・アーカイブ見放題\n②S席・SS席限定オフショット写真プレゼント\n③限定サイン入りチェキを抽選でプレゼント\n④(入会初月のみ)翌月10日頃にOPENRECポイント500Pt付与\n⑤お誕生日月にお名前入り写真プレゼント(個別)※Discordにて前月中に申し込みの必要あり\n\nSS席\n①メンバー限定配信・アーカイブ見放題\n②オフショット写真プレゼント\n③限定サイン入りチェキを抽選でプレゼント\n④視聴者参加型企画参加権利(抽選)\n⑤オフショット動画見放題\n⑥S席・SS席限定オフショット\n⑦(入会初月のみ)翌月10日頃にOPENRECポイント800Pt付与\n⑧お誕生日月にお名前をお呼びしたお祝い動画をプレゼント！\n\u3000(※Discordにて前月までに申し込みの必要あり)\n\n■相良茉優プロフィール\n京都府出身。4月17日生まれ。Digital Double所属。\n「アイドルメモリーズ」梶原未来で初めてのメインキャラを演じ、声優として活動を始める。\n2017年「ラブライブ！虹ヶ咲学園スクールアイドル同好会」で中須かすみに抜擢され、\n同作品のスクールアイドルとして現在放送中のアニメやゲーム・ライブで活動中。\n他にも、アプリ「ひぐらしのなく頃に命」(公由一穂)、アプリ「マギアレコード 魔法少女まどか☆マギカ外伝」(広江ちはる)等、多数作品に出演。2020年春に短編映画「時々は、眠れない夜に」に初めて実写での出演を果たした。\n', 'icon_image_url': 'https://hayabusa.io/openrec-image/user/8236662/823666191_202010211143.w90.ttl3600.png?format=png', 'l_icon_image_url': 'https://hayabusa.io/openrec-image/user/8236662/823666191_202010211143.w320.ttl3600.png?format=png', 'cover_image_url': 'https://hayabusa.io/openrec-image/user_background/8236662/823666191_202010211143.w210.ttl3600.png?format=png', 'l_cover_image_url': 'https://dqd0jw5gvbchn.cloudfront.net/user_background/8236662/823666191_202010211143.png', 'follows': 2, 'followers': 3677, 'is_premium': True, 'is_official': True, 'is_fresh': False, 'is_warned': False, 'is_team': False, 'is_league_yell': False, 'is_live': False, 'is_stats_hidden': False, 'live_views': 0, 'is_viewers_hidden': True, 'registered_at': '2020-10-19T20:34:04+09:00', 'last_updated_at': '2021-11-13T20:00:01+09:00', 'signed_in_with_facebook': None, 'signed_in_with_twitter': None, 'signed_in_with_google': None, 'signed_in_with_yahoo': None, 'signed_in_with_apple': None, 'user_status': 'special', 'is_creator': True, 'premium_start_at': None, 'premium_charge_type': None, 'premium_payment_status': None, 'has_ppv_permission': None, 'has_active_email_token': None, 'email': None, 'pending_email': None, 'twitter_screen_name': None, 'hidden_channels': None, 'has_confirmed_email': True, 'is_approved_account': True, 'blacklist_count': None, 'blacklist_limit': None}","{'name_color': '#34AEF6', 'is_premium_hidden': False, 'is_official_hidden': False, 'is_subs_badge_hidden': False, 'is_subs_duration_hidden': False}",False,False,False,False,461891102,"[{'id': 1574, 'image_url': 'https://dqd0jw5gvbchn.cloudfront.net/badge/subscription/template/a9c440f7-c013-36a3-4484-3e412f520cc7.png', 'label': 'SS席', 'type': 'subscription', 'subscription': {'months': 12, 'tier': 2}}]",299,FES01,https://dqd0jw5gvbchn.cloudfront.net/yell/299/e40290c7cec606f0f867813e7a224bad976e2fac.gif,,,200,160,15,,bell_mark_,True,1127338,150742614,べるまーく,,https://hayabusa.io/openrec-image/user/1507427/150742614.w90.ttl3600.v1606112333.png?format=png,https://hayabusa.io/openrec-image/user/1507427/150742614.w320.ttl3600.v1606112333.png?format=png,,,4,0,False,False,False,False,False,False,False,False,0,True,2017-11-14T12:43:01+09:00,,,,,,,bang,False,,,,,,,,,,True,True,,,1o8qe5j1g8k
10,612761,明日も仕事ですが、かすみんの新規URの情報来るのでそれも楽しみに頑張ります,2021-05-18T01:18:24+09:00,channel,"{'id': 299, 'name': 'FES01', 'image_url': 'https://dqd0jw5gvbchn.cloudfront.net/yell/299/e40290c7cec606f0f867813e7a224bad976e2fac.gif', 'image_url_small': '', 'animation_url': '', 'points': 200, 'yells': 160, 'ticker_seconds': 15, 'channel': None}","{'id': 'rippiter_inamin', 'registered_user_id': True, 'openrec_user_id': 3748028, 'recxuser_id': 820212968, 'nickname': 'オハナ', 'introduction': 'よろしくお願いします。\nラブライブ大好きです。\n推しは、飯田里穂さんと伊波杏樹さんと相良茉優さんです。', 'icon_image_url': 'https://hayabusa.io/openrec-image/user/8202130/820212968.w90.ttl3600.v1605589337.png?format=png', 'l_icon_image_url': 'https://hayabusa.io/openrec-image/user/8202130/820212968.w320.ttl3600.v1605589337.png?format=png', 'cover_image_url': 'https://hayabusa.io/openrec-image/user_background/8202130/820212968_cover.w210.ttl3600.v1604245942.png?format=png', 'l_cover_image_url': 'https://dqd0jw5gvbchn.cloudfront.net/user_background/8202130/820212968_cover.png?1604245942', 'follows': 5, 'followers': 2, 'is_premium': False, 'is_official': False, 'is_fresh': False, 'is_warned': False, 'is_team': False, 'is_league_yell': False, 'is_live': False, 'is_stats_hidden': False, 'live_views': 0, 'is_viewers_hidden': True, 'registered_at': '2020-10-14T22:33:07+09:00', 'last_updated_at': None, 'signed_in_with_facebook': None, 'signed_in_with_twitter': None, 'signed_in_with_google': None, 'signed_in_with_yahoo': None, 'signed_in_with_apple': None, 'user_status': 'bang', 'is_creator': False, 'premium_start_at': None, 'premium_charge_type': None, 'premium_payment_status': None, 'has_ppv_permission': None, 'has_active_email_token': None, 'email': None, 'pending_email': None, 'twitter_screen_name': None, 'hidden_channels': None, 'has_confirmed_email': True, 'is_approved_account': True, 'blacklist_count': None, 'blacklist_limit': None}","{'id': 'sagara_mayu', 'registered_user_id': True, 'openrec_user_id': 3758330, 'recxuser_id': 823666191, 'nickname': '相良茉優のFUN！FAN！FACTORY', 'introduction': '毎週月曜日配信の相良茉優がファンと一緒に楽しいことを作っていく番組です！\n\n番組推奨ハッシュタグ「#さがらFFF」\n是非ハッシュタグを付けて番組や相良茉優について呟いてください！\n\n「Discord」にてサブスク限定コミュニティも運営中！\n以下より連携方法をご確認ください。\nhttps://openrecnext.amebaownd.com/posts/11101764\n\n▼サブスク特典\nA席\n①メンバー限定放送・アーカイブ見放題\n②(入会初月のみ)翌月10日頃にOPENRECポイント300Pt付与\n③お誕生日月にお名前入り写真プレゼント(集合)※Discordにて前月中に申し込みの必要あり\n\nS席\n①メンバー限定放送・アーカイブ見放題\n②S席・SS席限定オフショット写真プレゼント\n③限定サイン入りチェキを抽選でプレゼント\n④(入会初月のみ)翌月10日頃にOPENRECポイント500Pt付与\n⑤お誕生日月にお名前入り写真プレゼント(個別)※Discordにて前月中に申し込みの必要あり\n\nSS席\n①メンバー限定配信・アーカイブ見放題\n②オフショット写真プレゼント\n③限定サイン入りチェキを抽選でプレゼント\n④視聴者参加型企画参加権利(抽選)\n⑤オフショット動画見放題\n⑥S席・SS席限定オフショット\n⑦(入会初月のみ)翌月10日頃にOPENRECポイント800Pt付与\n⑧お誕生日月にお名前をお呼びしたお祝い動画をプレゼント！\n\u3000(※Discordにて前月までに申し込みの必要あり)\n\n■相良茉優プロフィール\n京都府出身。4月17日生まれ。Digital Double所属。\n「アイドルメモリーズ」梶原未来で初めてのメインキャラを演じ、声優として活動を始める。\n2017年「ラブライブ！虹ヶ咲学園スクールアイドル同好会」で中須かすみに抜擢され、\n同作品のスクールアイドルとして現在放送中のアニメやゲーム・ライブで活動中。\n他にも、アプリ「ひぐらしのなく頃に命」(公由一穂)、アプリ「マギアレコード 魔法少女まどか☆マギカ外伝」(広江ちはる)等、多数作品に出演。2020年春に短編映画「時々は、眠れない夜に」に初めて実写での出演を果たした。\n', 'icon_image_url': 'https://hayabusa.io/openrec-image/user/8236662/823666191_202010211143.w90.ttl3600.png?format=png', 'l_icon_image_url': 'https://hayabusa.io/openrec-image/user/8236662/823666191_202010211143.w320.ttl3600.png?format=png', 'cover_image_url': 'https://hayabusa.io/openrec-image/user_background/8236662/823666191_202010211143.w210.ttl3600.png?format=png', 'l_cover_image_url': 'https://dqd0jw5gvbchn.cloudfront.net/user_background/8236662/823666191_202010211143.png', 'follows': 2, 'followers': 3677, 'is_premium': True, 'is_official': True, 'is_fresh': False, 'is_warned': False, 'is_team': False, 'is_league_yell': False, 'is_live': False, 'is_stats_hidden': False, 'live_views': 0, 'is_viewers_hidden': True, 'registered_at': '2020-10-19T20:34:04+09:00', 'last_updated_at': '2021-11-13T20:00:01+09:00', 'signed_in_with_facebook': None, 'signed_in_with_twitter': None, 'signed_in_with_google': None, 'signed_in_with_yahoo': None, 'signed_in_with_apple': None, 'user_status': 'special', 'is_creator': True, 'premium_start_at': None, 'premium_charge_type': None, 'premium_payment_status': None, 'has_ppv_permission': None, 'has_active_email_token': None, 'email': None, 'pending_email': None, 'twitter_screen_name': None, 'hidden_channels': None, 'has_confirmed_email': True, 'is_approved_account': True, 'blacklist_count': None, 'blacklist_limit': None}","{'name_color': '#4DF77A', 'is_premium_hidden': False, 'is_official_hidden': False, 'is_subs_badge_hidden': False, 'is_subs_duration_hidden': False}",False,False,False,False,461890862,"[{'id': 1574, 'image_url': 'https://dqd0jw5gvbchn.cloudfront.net/badge/subscription/template/a9c440f7-c013-36a3-4484-3e412f520cc7.png', 'label': 'SS席', 'type': 'subscription', 'subscription': {'months': 13, 'tier': 2}}]",299,FES01,https://dqd0jw5gvbchn.cloudfront.net/yell/299/e40290c7cec606f0f867813e7a224bad976e2fac.gif,,,200,160,15,,rippiter_inamin,True,3748028,820212968,オハナ,"よろしくお願いします。
ラブライブ大好きです。
推しは、飯田里穂さんと伊波杏樹さんと相良茉優さんです。",https://hayabusa.io/openrec-image/user/8202130/820212968.w90.ttl3600.v1605589337.png?format=png,https://hayabusa.io/openrec-image/user/8202130/820212968.w320.ttl3600.v1605589337.png?format=png,https://hayabusa.io/openrec-image/user_background/8202130/820212968_cover.w210.ttl3600.v1604245942.png?format=png,https://dqd0jw5gvbchn.cloudfront.net/user_background/8202130/820212968_cover.png?1604245942,5,2,False,False,False,False,False,False,False,False,0,True,2020-10-14T22:33:07+09:00,,,,,,,bang,False,,,,,,,,,,True,True,,,1o8qe5j1g8k
11,612758,観ながら寝ます〜😪,2021-05-18T01:17:40+09:00,channel,"{'id': 299, 'name': 'FES01', 'image_url': 'https://dqd0jw5gvbchn.cloudfront.net/yell/299/e40290c7cec606f0f867813e7a224bad976e2fac.gif', 'image_url_small': '', 'animation_url': '', 'points': 200, 'yells': 160, 'ticker_seconds': 15, 'channel': None}","{'id': 'hoshitei', 'registered_user_id': True, 'openrec_user_id': 3759983, 'recxuser_id': 824427068, 'nickname': 'ほしてい', 'introduction': '', 'icon_image_url': 'https://hayabusa.io/openrec-image/user/8244271/824427068.w90.ttl3600.v1613299129.png?format=png', 'l_icon_image_url': 'https://hayabusa.io/openrec-image/user/8244271/824427068.w320.ttl3600.v1613299129.png?format=png', 'cover_image_url': '', 'l_cover_image_url': '', 'follows': 2, 'followers': 0, 'is_premium': False, 'is_official': False, 'is_fresh': False, 'is_warned': False, 'is_team': False, 'is_league_yell': False, 'is_live': False, 'is_stats_hidden': False, 'live_views': 0, 'is_viewers_hidden': True, 'registered_at': '2020-10-20T22:33:28+09:00', 'last_updated_at': None, 'signed_in_with_facebook': None, 'signed_in_with_twitter': None, 'signed_in_with_google': None, 'signed_in_with_yahoo': None, 'signed_in_with_apple': None, 'user_status': 'bang', 'is_creator': False, 'premium_start_at': None, 'premium_charge_type': None, 'premium_payment_status': None, 'has_ppv_permission': None, 'has_active_email_token': None, 'email': None, 'pending_email': None, 'twitter_screen_name': None, 'hidden_channels': None, 'has_confirmed_email': True, 'is_approved_account': True, 'blacklist_count': None, 'blacklist_limit': None}","{'id': 'sagara_mayu', 'registered_user_id': True, 'openrec_user_id': 3758330, 'recxuser_id': 823666191, 'nickname': '相良茉優のFUN！FAN！FACTORY', 'introduction': '毎週月曜日配信の相良茉優がファンと一緒に楽しいことを作っていく番組です！\n\n番組推奨ハッシュタグ「#さがらFFF」\n是非ハッシュタグを付けて番組や相良茉優について呟いてください！\n\n「Discord」にてサブスク限定コミュニティも運営中！\n以下より連携方法をご確認ください。\nhttps://openrecnext.amebaownd.com/posts/11101764\n\n▼サブスク特典\nA席\n①メンバー限定放送・アーカイブ見放題\n②(入会初月のみ)翌月10日頃にOPENRECポイント300Pt付与\n③お誕生日月にお名前入り写真プレゼント(集合)※Discordにて前月中に申し込みの必要あり\n\nS席\n①メンバー限定放送・アーカイブ見放題\n②S席・SS席限定オフショット写真プレゼント\n③限定サイン入りチェキを抽選でプレゼント\n④(入会初月のみ)翌月10日頃にOPENRECポイント500Pt付与\n⑤お誕生日月にお名前入り写真プレゼント(個別)※Discordにて前月中に申し込みの必要あり\n\nSS席\n①メンバー限定配信・アーカイブ見放題\n②オフショット写真プレゼント\n③限定サイン入りチェキを抽選でプレゼント\n④視聴者参加型企画参加権利(抽選)\n⑤オフショット動画見放題\n⑥S席・SS席限定オフショット\n⑦(入会初月のみ)翌月10日頃にOPENRECポイント800Pt付与\n⑧お誕生日月にお名前をお呼びしたお祝い動画をプレゼント！\n\u3000(※Discordにて前月までに申し込みの必要あり)\n\n■相良茉優プロフィール\n京都府出身。4月17日生まれ。Digital Double所属。\n「アイドルメモリーズ」梶原未来で初めてのメインキャラを演じ、声優として活動を始める。\n2017年「ラブライブ！虹ヶ咲学園スクールアイドル同好会」で中須かすみに抜擢され、\n同作品のスクールアイドルとして現在放送中のアニメやゲーム・ライブで活動中。\n他にも、アプリ「ひぐらしのなく頃に命」(公由一穂)、アプリ「マギアレコード 魔法少女まどか☆マギカ外伝」(広江ちはる)等、多数作品に出演。2020年春に短編映画「時々は、眠れない夜に」に初めて実写での出演を果たした。\n', 'icon_image_url': 'https://hayabusa.io/openrec-image/user/8236662/823666191_202010211143.w90.ttl3600.png?format=png', 'l_icon_image_url': 'https://hayabusa.io/openrec-image/user/8236662/823666191_202010211143.w320.ttl3600.png?format=png', 'cover_image_url': 'https://hayabusa.io/openrec-image/user_background/8236662/823666191_202010211143.w210.ttl3600.png?format=png', 'l_cover_image_url': 'https://dqd0jw5gvbchn.cloudfront.net/user_background/8236662/823666191_202010211143.png', 'follows': 2, 'followers': 3677, 'is_premium': True, 'is_official': True, 'is_fresh': False, 'is_warned': False, 'is_team': False, 'is_league_yell': False, 'is_live': False, 'is_stats_hidden': False, 'live_views': 0, 'is_viewers_hidden': True, 'registered_at': '2020-10-19T20:34:04+09:00', 'last_updated_at': '2021-11-13T20:00:01+09:00', 'signed_in_with_facebook': None, 'signed_in_with_twitter': None, 'signed_in_with_google': None, 'signed_in_with_yahoo': None, 'signed_in_with_apple': None, 'user_status': 'special', 'is_creator': True, 'premium_start_at': None, 'premium_charge_type': None, 'premium_payment_status': None, 'has_ppv_permission': None, 'has_active_email_token': None, 'email': None, 'pending_email': None, 'twitter_screen_name': None, 'hidden_channels': None, 'has_confirmed_email': True, 'is_approved_account': True, 'blacklist_count': None, 'blacklist_limit': None}","{'name_color': '#4DF77A', 'is_premium_hidden': False, 'is_official_hidden': False, 'is_subs_badge_hidden': False, 'is_subs_duration_hidden': False}",False,False,False,False,461890187,"[{'id': 1574, 'image_url': 'https://dqd0jw5gvbchn.cloudfront.net/badge/subscription/template/a9c440f7-c013-36a3-4484-3e412f520cc7.png', 'label': 'SS席', 'type': 'subscription', 'subscription': {'months': 13, 'tier': 2}}]",299,FES01,https://dqd0jw5gvbchn.cloudfront.net/yell/299/e40290c7cec606f0f867813e7a224bad976e2fac.gif,,,200,160,15,,hoshitei,True,3759983,824427068,ほしてい,,https://hayabusa.io/openrec-image/user/8244271/824427068.w90.ttl3600.v1613299129.png?format=png,https://hayabusa.io/openrec-image/user/8244271/824427068.w320.ttl3600.v1613299129.png?format=png,,,2,0,False,False,False,False,False,False,False,False,0,True,2020-10-20T22:33:28+09:00,,,,,,,bang,False,,,,,,,,,,True,True,,,1o8qe5j1g8k
12,612755,夜勤無理しないでくださいね。私は寝ます( ˘ω˘ ),2021-05-18T01:17:02+09:00,channel,"{'id': 125, 'name': '002_heart', 'image_url': 'https://dqd0jw5gvbchn.cloudfront.net/yell/125/9cf8b7e3071d824df107d30697fd971855e2f78f.gif', 'image_url_small': '', 'animation_url': '', 'points': 2000, 'yells': 1600, 'ticker_seconds': 35, 'channel': None}","{'id': 'NOP__', 'registered_user_id': True, 'openrec_user_id': 3822028, 'recxuser_id': 838457886, 'nickname': 'のp', 'introduction': '', 'icon_image_url': 'https://hayabusa.io/openrec-image/user/8384579/838457886.w90.ttl3600.v1604918340.png?format=png', 'l_icon_image_url': 'https://hayabusa.io/openrec-image/user/8384579/838457886.w320.ttl3600.v1604918340.png?format=png', 'cover_image_url': '', 'l_cover_image_url': '', 'follows': 1, 'followers': 1, 'is_premium': False, 'is_official': False, 'is_fresh': False, 'is_warned': False, 'is_team': False, 'is_league_yell': False, 'is_live': False, 'is_stats_hidden': False, 'live_views': 0, 'is_viewers_hidden': True, 'registered_at': '2020-11-09T19:38:59+09:00', 'last_updated_at': None, 'signed_in_with_facebook': None, 'signed_in_with_twitter': None, 'signed_in_with_google': None, 'signed_in_with_yahoo': None, 'signed_in_with_apple': None, 'user_status': 'publish', 'is_creator': False, 'premium_start_at': None, 'premium_charge_type': None, 'premium_payment_status': None, 'has_ppv_permission': None, 'has_active_email_token': None, 'email': None, 'pending_email': None, 'twitter_screen_name': None, 'hidden_channels': None, 'has_confirmed_email': True, 'is_approved_account': True, 'blacklist_count': None, 'blacklist_limit': None}","{'id': 'sagara_mayu', 'registered_user_id': True, 'openrec_user_id': 3758330, 'recxuser_id': 823666191, 'nickname': '相良茉優のFUN！FAN！FACTORY', 'introduction': '毎週月曜日配信の相良茉優がファンと一緒に楽しいことを作っていく番組です！\n\n番組推奨ハッシュタグ「#さがらFFF」\n是非ハッシュタグを付けて番組や相良茉優について呟いてください！\n\n「Discord」にてサブスク限定コミュニティも運営中！\n以下より連携方法をご確認ください。\nhttps://openrecnext.amebaownd.com/posts/11101764\n\n▼サブスク特典\nA席\n①メンバー限定放送・アーカイブ見放題\n②(入会初月のみ)翌月10日頃にOPENRECポイント300Pt付与\n③お誕生日月にお名前入り写真プレゼント(集合)※Discordにて前月中に申し込みの必要あり\n\nS席\n①メンバー限定放送・アーカイブ見放題\n②S席・SS席限定オフショット写真プレゼント\n③限定サイン入りチェキを抽選でプレゼント\n④(入会初月のみ)翌月10日頃にOPENRECポイント500Pt付与\n⑤お誕生日月にお名前入り写真プレゼント(個別)※Discordにて前月中に申し込みの必要あり\n\nSS席\n①メンバー限定配信・アーカイブ見放題\n②オフショット写真プレゼント\n③限定サイン入りチェキを抽選でプレゼント\n④視聴者参加型企画参加権利(抽選)\n⑤オフショット動画見放題\n⑥S席・SS席限定オフショット\n⑦(入会初月のみ)翌月10日頃にOPENRECポイント800Pt付与\n⑧お誕生日月にお名前をお呼びしたお祝い動画をプレゼント！\n\u3000(※Discordにて前月までに申し込みの必要あり)\n\n■相良茉優プロフィール\n京都府出身。4月17日生まれ。Digital Double所属。\n「アイドルメモリーズ」梶原未来で初めてのメインキャラを演じ、声優として活動を始める。\n2017年「ラブライブ！虹ヶ咲学園スクールアイドル同好会」で中須かすみに抜擢され、\n同作品のスクールアイドルとして現在放送中のアニメやゲーム・ライブで活動中。\n他にも、アプリ「ひぐらしのなく頃に命」(公由一穂)、アプリ「マギアレコード 魔法少女まどか☆マギカ外伝」(広江ちはる)等、多数作品に出演。2020年春に短編映画「時々は、眠れない夜に」に初めて実写での出演を果たした。\n', 'icon_image_url': 'https://hayabusa.io/openrec-image/user/8236662/823666191_202010211143.w90.ttl3600.png?format=png', 'l_icon_image_url': 'https://hayabusa.io/openrec-image/user/8236662/823666191_202010211143.w320.ttl3600.png?format=png', 'cover_image_url': 'https://hayabusa.io/openrec-image/user_background/8236662/823666191_202010211143.w210.ttl3600.png?format=png', 'l_cover_image_url': 'https://dqd0jw5gvbchn.cloudfront.net/user_background/8236662/823666191_202010211143.png', 'follows': 2, 'followers': 3677, 'is_premium': True, 'is_official': True, 'is_fresh': False, 'is_warned': False, 'is_team': False, 'is_league_yell': False, 'is_live': False, 'is_stats_hidden': False, 'live_views': 0, 'is_viewers_hidden': True, 'registered_at': '2020-10-19T20:34:04+09:00', 'last_updated_at': '2021-11-13T20:00:01+09:00', 'signed_in_with_facebook': None, 'signed_in_with_twitter': None, 'signed_in_with_google': None, 'signed_in_with_yahoo': None, 'signed_in_with_apple': None, 'user_status': 'special', 'is_creator': True, 'premium_start_at': None, 'premium_charge_type': None, 'premium_payment_status': None, 'has_ppv_permission': None, 'has_active_email_token': None, 'email': None, 'pending_email': None, 'twitter_screen_name': None, 'hidden_channels': None, 'has_confirmed_email': True, 'is_approved_account': True, 'blacklist_count': None, 'blacklist_limit': None}","{'name_color': '#FB7642', 'is_premium_hidden': False, 'is_official_hidden': False, 'is_subs_badge_hidden': False, 'is_subs_duration_hidden': False}",False,False,False,False,461889665,"[{'id': 1563, 'image_url': 'https://dqd0jw5gvbchn.cloudfront.net/badge/subscription/template/a9c440f7-c013-36a3-4484-3e412f520cc7.png', 'label': 'A席', 'type': 'subscription', 'subscription': {'months': 13, 'tier': 0}}]",125,002_heart,https://dqd0jw5gvbchn.cloudfront.net/yell/125/9cf8b7e3071d824df107d30697fd971855e2f78f.gif,,,2000,1600,35,,NOP__,True,3822028,838457886,のp,,https://hayabusa.io/openrec-image/user/8384579/838457886.w90.ttl3600.v1604918340.png?format=png,https://hayabusa.io/openrec-image/user/8384579/838457886.w320.ttl3600.v1604918340.png?format=png,,,1,1,False,False,False,False,False,False,False,False,0,True,2020-11-09T19:38:59+09:00,,,,,,,publish,False,,,,,,,,,,True,True,,,1o8qe5j1g8k
13,612754,時差あるからヨシ！,2021-05-18T01:17:01+09:00,channel,"{'id': 301, 'name': 'FES03', 'image_url': 'https://dqd0jw5gvbchn.cloudfront.net/yell/301/925592946a8b319e854a9029c507297e2b624970.gif', 'image_url_small': '', 'animation_url': '', 'points': 1000, 'yells': 800, 'ticker_seconds': 15, 'channel': None}","{'id': 'KoizumiKuro_HK', 'registered_user_id': True, 'openrec_user_id': 3761245, 'recxuser_id': 825112534, 'nickname': '小泉くろ', 'introduction': '推しの為にここに来た(｀・ω・´)\nよろしくお願いしますね', 'icon_image_url': 'https://hayabusa.io/openrec-image/user/8251126/825112534.w90.ttl3600.v1614359322.png?format=png', 'l_icon_image_url': 'https://hayabusa.io/openrec-image/user/8251126/825112534.w320.ttl3600.v1614359322.png?format=png', 'cover_image_url': 'https://hayabusa.io/openrec-image/user_background/8251126/825112534_cover.w210.ttl3600.v1614359322.png?format=png', 'l_cover_image_url': 'https://dqd0jw5gvbchn.cloudfront.net/user_background/8251126/825112534_cover.png?1614359322', 'follows': 5, 'followers': 3, 'is_premium': True, 'is_official': False, 'is_fresh': False, 'is_warned': False, 'is_team': False, 'is_league_yell': False, 'is_live': False, 'is_stats_hidden': False, 'live_views': 0, 'is_viewers_hidden': True, 'registered_at': '2020-10-21T23:09:42+09:00', 'last_updated_at': None, 'signed_in_with_facebook': None, 'signed_in_with_twitter': None, 'signed_in_with_google': None, 'signed_in_with_yahoo': None, 'signed_in_with_apple': None, 'user_status': 'bang', 'is_creator': False, 'premium_start_at': None, 'premium_charge_type': None, 'premium_payment_status': None, 'has_ppv_permission': None, 'has_active_email_token': None, 'email': None, 'pending_email': None, 'twitter_screen_name': None, 'hidden_channels': None, 'has_confirmed_email': True, 'is_approved_account': True, 'blacklist_count': None, 'blacklist_limit': None}","{'id': 'sagara_mayu', 'registered_user_id': True, 'openrec_user_id': 3758330, 'recxuser_id': 823666191, 'nickname': '相良茉優のFUN！FAN！FACTORY', 'introduction': '毎週月曜日配信の相良茉優がファンと一緒に楽しいことを作っていく番組です！\n\n番組推奨ハッシュタグ「#さがらFFF」\n是非ハッシュタグを付けて番組や相良茉優について呟いてください！\n\n「Discord」にてサブスク限定コミュニティも運営中！\n以下より連携方法をご確認ください。\nhttps://openrecnext.amebaownd.com/posts/11101764\n\n▼サブスク特典\nA席\n①メンバー限定放送・アーカイブ見放題\n②(入会初月のみ)翌月10日頃にOPENRECポイント300Pt付与\n③お誕生日月にお名前入り写真プレゼント(集合)※Discordにて前月中に申し込みの必要あり\n\nS席\n①メンバー限定放送・アーカイブ見放題\n②S席・SS席限定オフショット写真プレゼント\n③限定サイン入りチェキを抽選でプレゼント\n④(入会初月のみ)翌月10日頃にOPENRECポイント500Pt付与\n⑤お誕生日月にお名前入り写真プレゼント(個別)※Discordにて前月中に申し込みの必要あり\n\nSS席\n①メンバー限定配信・アーカイブ見放題\n②オフショット写真プレゼント\n③限定サイン入りチェキを抽選でプレゼント\n④視聴者参加型企画参加権利(抽選)\n⑤オフショット動画見放題\n⑥S席・SS席限定オフショット\n⑦(入会初月のみ)翌月10日頃にOPENRECポイント800Pt付与\n⑧お誕生日月にお名前をお呼びしたお祝い動画をプレゼント！\n\u3000(※Discordにて前月までに申し込みの必要あり)\n\n■相良茉優プロフィール\n京都府出身。4月17日生まれ。Digital Double所属。\n「アイドルメモリーズ」梶原未来で初めてのメインキャラを演じ、声優として活動を始める。\n2017年「ラブライブ！虹ヶ咲学園スクールアイドル同好会」で中須かすみに抜擢され、\n同作品のスクールアイドルとして現在放送中のアニメやゲーム・ライブで活動中。\n他にも、アプリ「ひぐらしのなく頃に命」(公由一穂)、アプリ「マギアレコード 魔法少女まどか☆マギカ外伝」(広江ちはる)等、多数作品に出演。2020年春に短編映画「時々は、眠れない夜に」に初めて実写での出演を果たした。\n', 'icon_image_url': 'https://hayabusa.io/openrec-image/user/8236662/823666191_202010211143.w90.ttl3600.png?format=png', 'l_icon_image_url': 'https://hayabusa.io/openrec-image/user/8236662/823666191_202010211143.w320.ttl3600.png?format=png', 'cover_image_url': 'https://hayabusa.io/openrec-image/user_background/8236662/823666191_202010211143.w210.ttl3600.png?format=png', 'l_cover_image_url': 'https://dqd0jw5gvbchn.cloudfront.net/user_background/8236662/823666191_202010211143.png', 'follows': 2, 'followers': 3677, 'is_premium': True, 'is_official': True, 'is_fresh': False, 'is_warned': False, 'is_team': False, 'is_league_yell': False, 'is_live': False, 'is_stats_hidden': False, 'live_views': 0, 'is_viewers_hidden': True, 'registered_at': '2020-10-19T20:34:04+09:00', 'last_updated_at': '2021-11-13T20:00:01+09:00', 'signed_in_with_facebook': None, 'signed_in_with_twitter': None, 'signed_in_with_google': None, 'signed_in_with_yahoo': None, 'signed_in_with_apple': None, 'user_status': 'special', 'is_creator': True, 'premium_start_at': None, 'premium_charge_type': None, 'premium_payment_status': None, 'has_ppv_permission': None, 'has_active_email_token': None, 'email': None, 'pending_email': None, 'twitter_screen_name': None, 'hidden_channels': None, 'has_confirmed_email': True, 'is_approved_account': True, 'blacklist_count': None, 'blacklist_limit': None}","{'name_color': '#34AEF6', 'is_premium_hidden': False, 'is_official_hidden': False, 'is_subs_badge_hidden': False, 'is_subs_duration_hidden': False}",False,False,False,False,461889652,"[{'id': 1574, 'image_url': 'https://dqd0jw5gvbchn.cloudfront.net/badge/subscription/template/a9c440f7-c013-36a3-4484-3e412f520cc7.png', 'label': 'SS席', 'type': 'subscription', 'subscription': {'months': 13, 'tier': 2}}]",301,FES03,https://dqd0jw5gvbchn.cloudfront.net/yell/301/925592946a8b319e854a9029c507297e2b624970.gif,,,1000,800,15,,KoizumiKuro_HK,True,3761245,825112534,小泉くろ,"推しの為にここに来た(｀・ω・´)
よろしくお願いしますね",https://hayabusa.io/openrec-image/user/8251126/825112534.w90.ttl3600.v1614359322.png?format=png,https://hayabusa.io/openrec-image/user/8251126/825112534.w320.ttl3600.v1614359322.png?format=png,https://hayabusa.io/openrec-image/user_background/8251126/825112534_cover.w210.ttl3600.v1614359322.png?format=png,https://dqd0jw5gvbchn.cloudfront.net/user_background/8251126/825112534_cover.png?1614359322,5,3,True,False,False,False,False,False,False,False,0,True,2020-10-21T23:09:42+09:00,,,,,,,bang,False,,,,,,,,,,True,True,,,1o8qe5j1g8k
14,612751,明日大事なお仕事なので、多分寝落ちするので先にエールを。大変だとは思いますが、お身体には気を付けて頑張ってください。,2021-05-18T01:16:48+09:00,channel,"{'id': 23, 'name': '800', 'image_url': 'https://dqd0jw5gvbchn.cloudfront.net/yell/23/f77736048beb4c1b6fc7508c0c443ebafe44b851.gif', 'image_url_small': '', 'animation_url': '', 'points': 1000, 'yells': 800, 'ticker_seconds': 30, 'channel': None}","{'id': 'eila4869', 'registered_user_id': True, 'openrec_user_id': 4153956, 'recxuser_id': 949164241, 'nickname': 'えいら', 'introduction': '初心者', 'icon_image_url': 'https://hayabusa.io/openrec-image/user/9491643/949164241.w90.ttl3600.v1618665418.png?format=png', 'l_icon_image_url': 'https://hayabusa.io/openrec-image/user/9491643/949164241.w320.ttl3600.v1618665418.png?format=png', 'cover_image_url': '', 'l_cover_image_url': '', 'follows': 1, 'followers': 0, 'is_premium': False, 'is_official': False, 'is_fresh': False, 'is_warned': False, 'is_team': False, 'is_league_yell': False, 'is_live': False, 'is_stats_hidden': False, 'live_views': 0, 'is_viewers_hidden': True, 'registered_at': '2021-04-12T20:38:19+09:00', 'last_updated_at': None, 'signed_in_with_facebook': None, 'signed_in_with_twitter': None, 'signed_in_with_google': None, 'signed_in_with_yahoo': None, 'signed_in_with_apple': None, 'user_status': 'bang', 'is_creator': False, 'premium_start_at': None, 'premium_charge_type': None, 'premium_payment_status': None, 'has_ppv_permission': None, 'has_active_email_token': None, 'email': None, 'pending_email': None, 'twitter_screen_name': None, 'hidden_channels': None, 'has_confirmed_email': True, 'is_approved_account': True, 'blacklist_count': None, 'blacklist_limit': None}","{'id': 'sagara_mayu', 'registered_user_id': True, 'openrec_user_id': 3758330, 'recxuser_id': 823666191, 'nickname': '相良茉優のFUN！FAN！FACTORY', 'introduction': '毎週月曜日配信の相良茉優がファンと一緒に楽しいことを作っていく番組です！\n\n番組推奨ハッシュタグ「#さがらFFF」\n是非ハッシュタグを付けて番組や相良茉優について呟いてください！\n\n「Discord」にてサブスク限定コミュニティも運営中！\n以下より連携方法をご確認ください。\nhttps://openrecnext.amebaownd.com/posts/11101764\n\n▼サブスク特典\nA席\n①メンバー限定放送・アーカイブ見放題\n②(入会初月のみ)翌月10日頃にOPENRECポイント300Pt付与\n③お誕生日月にお名前入り写真プレゼント(集合)※Discordにて前月中に申し込みの必要あり\n\nS席\n①メンバー限定放送・アーカイブ見放題\n②S席・SS席限定オフショット写真プレゼント\n③限定サイン入りチェキを抽選でプレゼント\n④(入会初月のみ)翌月10日頃にOPENRECポイント500Pt付与\n⑤お誕生日月にお名前入り写真プレゼント(個別)※Discordにて前月中に申し込みの必要あり\n\nSS席\n①メンバー限定配信・アーカイブ見放題\n②オフショット写真プレゼント\n③限定サイン入りチェキを抽選でプレゼント\n④視聴者参加型企画参加権利(抽選)\n⑤オフショット動画見放題\n⑥S席・SS席限定オフショット\n⑦(入会初月のみ)翌月10日頃にOPENRECポイント800Pt付与\n⑧お誕生日月にお名前をお呼びしたお祝い動画をプレゼント！\n\u3000(※Discordにて前月までに申し込みの必要あり)\n\n■相良茉優プロフィール\n京都府出身。4月17日生まれ。Digital Double所属。\n「アイドルメモリーズ」梶原未来で初めてのメインキャラを演じ、声優として活動を始める。\n2017年「ラブライブ！虹ヶ咲学園スクールアイドル同好会」で中須かすみに抜擢され、\n同作品のスクールアイドルとして現在放送中のアニメやゲーム・ライブで活動中。\n他にも、アプリ「ひぐらしのなく頃に命」(公由一穂)、アプリ「マギアレコード 魔法少女まどか☆マギカ外伝」(広江ちはる)等、多数作品に出演。2020年春に短編映画「時々は、眠れない夜に」に初めて実写での出演を果たした。\n', 'icon_image_url': 'https://hayabusa.io/openrec-image/user/8236662/823666191_202010211143.w90.ttl3600.png?format=png', 'l_icon_image_url': 'https://hayabusa.io/openrec-image/user/8236662/823666191_202010211143.w320.ttl3600.png?format=png', 'cover_image_url': 'https://hayabusa.io/openrec-image/user_background/8236662/823666191_202010211143.w210.ttl3600.png?format=png', 'l_cover_image_url': 'https://dqd0jw5gvbchn.cloudfront.net/user_background/8236662/823666191_202010211143.png', 'follows': 2, 'followers': 3677, 'is_premium': True, 'is_official': True, 'is_fresh': False, 'is_warned': False, 'is_team': False, 'is_league_yell': False, 'is_live': False, 'is_stats_hidden': False, 'live_views': 0, 'is_viewers_hidden': True, 'registered_at': '2020-10-19T20:34:04+09:00', 'last_updated_at': '2021-11-13T20:00:01+09:00', 'signed_in_with_facebook': None, 'signed_in_with_twitter': None, 'signed_in_with_google': None, 'signed_in_with_yahoo': None, 'signed_in_with_apple': None, 'user_status': 'special', 'is_creator': True, 'premium_start_at': None, 'premium_charge_type': None, 'premium_payment_status': None, 'has_ppv_permission': None, 'has_active_email_token': None, 'email': None, 'pending_email': None, 'twitter_screen_name': None, 'hidden_channels': None, 'has_confirmed_email': True, 'is_approved_account': True, 'blacklist_count': None, 'blacklist_limit': None}","{'name_color': '#F6A434', 'is_premium_hidden': False, 'is_official_hidden': False, 'is_subs_badge_hidden': False, 'is_subs_duration_hidden': False}",False,False,False,False,461889514,"[{'id': 1574, 'image_url': 'https://dqd0jw5gvbchn.cloudfront.net/badge/subscription/template/a9c440f7-c013-36a3-4484-3e412f520cc7.png', 'label': 'SS席', 'type': 'subscription', 'subscription': {'months': 8, 'tier': 2}}]",23,800,https://dqd0jw5gvbchn.cloudfront.net/yell/23/f77736048beb4c1b6fc7508c0c443ebafe44b851.gif,,,1000,800,30,,eila4869,True,4153956,949164241,えいら,初心者,https://hayabusa.io/openrec-image/user/9491643/949164241.w90.ttl3600.v1618665418.png?format=png,https://hayabusa.io/openrec-image/user/9491643/949164241.w320.ttl3600.v1618665418.png?format=png,,,1,0,False,False,False,False,False,False,False,False,0,True,2021-04-12T20:38:19+09:00,,,,,,,bang,False,,,,,,,,,,True,True,,,1o8qe5j1g8k
15,612748,入らなきゃもう半分おりゃええぞ,2021-05-18T01:15:46+09:00,channel,"{'id': 299, 'name': 'FES01', 'image_url': 'https://dqd0jw5gvbchn.cloudfront.net/yell/299/e40290c7cec606f0f867813e7a224bad976e2fac.gif', 'image_url_small': '', 'animation_url': '', 'points': 200, 'yells': 160, 'ticker_seconds': 15, 'channel': None}","{'id': 'sakurada6350', 'registered_user_id': True, 'openrec_user_id': 4024744, 'recxuser_id': 891790108, 'nickname': 'さくらだ', 'introduction': '', 'icon_image_url': 'https://hayabusa.io/openrec-image/user/8917902/891790108.w90.ttl3600.v1621280044.png?format=png', 'l_icon_image_url': 'https://hayabusa.io/openrec-image/user/8917902/891790108.w320.ttl3600.v1621280044.png?format=png', 'cover_image_url': 'https://hayabusa.io/openrec-image/user_background/8917902/891790108_cover.w210.ttl3600.v1618232033.png?format=png', 'l_cover_image_url': 'https://dqd0jw5gvbchn.cloudfront.net/user_background/8917902/891790108_cover.png?1618232033', 'follows': 1, 'followers': 0, 'is_premium': False, 'is_official': False, 'is_fresh': False, 'is_warned': False, 'is_team': False, 'is_league_yell': False, 'is_live': False, 'is_stats_hidden': False, 'live_views': 0, 'is_viewers_hidden': True, 'registered_at': '2021-02-08T21:42:07+09:00', 'last_updated_at': None, 'signed_in_with_facebook': None, 'signed_in_with_twitter': None, 'signed_in_with_google': None, 'signed_in_with_yahoo': None, 'signed_in_with_apple': None, 'user_status': 'bang', 'is_creator': False, 'premium_start_at': None, 'premium_charge_type': None, 'premium_payment_status': None, 'has_ppv_permission': None, 'has_active_email_token': None, 'email': None, 'pending_email': None, 'twitter_screen_name': None, 'hidden_channels': None, 'has_confirmed_email': True, 'is_approved_account': True, 'blacklist_count': None, 'blacklist_limit': None}","{'id': 'sagara_mayu', 'registered_user_id': True, 'openrec_user_id': 3758330, 'recxuser_id': 823666191, 'nickname': '相良茉優のFUN！FAN！FACTORY', 'introduction': '毎週月曜日配信の相良茉優がファンと一緒に楽しいことを作っていく番組です！\n\n番組推奨ハッシュタグ「#さがらFFF」\n是非ハッシュタグを付けて番組や相良茉優について呟いてください！\n\n「Discord」にてサブスク限定コミュニティも運営中！\n以下より連携方法をご確認ください。\nhttps://openrecnext.amebaownd.com/posts/11101764\n\n▼サブスク特典\nA席\n①メンバー限定放送・アーカイブ見放題\n②(入会初月のみ)翌月10日頃にOPENRECポイント300Pt付与\n③お誕生日月にお名前入り写真プレゼント(集合)※Discordにて前月中に申し込みの必要あり\n\nS席\n①メンバー限定放送・アーカイブ見放題\n②S席・SS席限定オフショット写真プレゼント\n③限定サイン入りチェキを抽選でプレゼント\n④(入会初月のみ)翌月10日頃にOPENRECポイント500Pt付与\n⑤お誕生日月にお名前入り写真プレゼント(個別)※Discordにて前月中に申し込みの必要あり\n\nSS席\n①メンバー限定配信・アーカイブ見放題\n②オフショット写真プレゼント\n③限定サイン入りチェキを抽選でプレゼント\n④視聴者参加型企画参加権利(抽選)\n⑤オフショット動画見放題\n⑥S席・SS席限定オフショット\n⑦(入会初月のみ)翌月10日頃にOPENRECポイント800Pt付与\n⑧お誕生日月にお名前をお呼びしたお祝い動画をプレゼント！\n\u3000(※Discordにて前月までに申し込みの必要あり)\n\n■相良茉優プロフィール\n京都府出身。4月17日生まれ。Digital Double所属。\n「アイドルメモリーズ」梶原未来で初めてのメインキャラを演じ、声優として活動を始める。\n2017年「ラブライブ！虹ヶ咲学園スクールアイドル同好会」で中須かすみに抜擢され、\n同作品のスクールアイドルとして現在放送中のアニメやゲーム・ライブで活動中。\n他にも、アプリ「ひぐらしのなく頃に命」(公由一穂)、アプリ「マギアレコード 魔法少女まどか☆マギカ外伝」(広江ちはる)等、多数作品に出演。2020年春に短編映画「時々は、眠れない夜に」に初めて実写での出演を果たした。\n', 'icon_image_url': 'https://hayabusa.io/openrec-image/user/8236662/823666191_202010211143.w90.ttl3600.png?format=png', 'l_icon_image_url': 'https://hayabusa.io/openrec-image/user/8236662/823666191_202010211143.w320.ttl3600.png?format=png', 'cover_image_url': 'https://hayabusa.io/openrec-image/user_background/8236662/823666191_202010211143.w210.ttl3600.png?format=png', 'l_cover_image_url': 'https://dqd0jw5gvbchn.cloudfront.net/user_background/8236662/823666191_202010211143.png', 'follows': 2, 'followers': 3677, 'is_premium': True, 'is_official': True, 'is_fresh': False, 'is_warned': False, 'is_team': False, 'is_league_yell': False, 'is_live': False, 'is_stats_hidden': False, 'live_views': 0, 'is_viewers_hidden': True, 'registered_at': '2020-10-19T20:34:04+09:00', 'last_updated_at': '2021-11-13T20:00:01+09:00', 'signed_in_with_facebook': None, 'signed_in_with_twitter': None, 'signed_in_with_google': None, 'signed_in_with_yahoo': None, 'signed_in_with_apple': None, 'user_status': 'special', 'is_creator': True, 'premium_start_at': None, 'premium_charge_type': None, 'premium_payment_status': None, 'has_ppv_permission': None, 'has_active_email_token': None, 'email': None, 'pending_email': None, 'twitter_screen_name': None, 'hidden_channels': None, 'has_confirmed_email': True, 'is_approved_account': True, 'blacklist_count': None, 'blacklist_limit': None}","{'name_color': '#4DF77A', 'is_premium_hidden': False, 'is_official_hidden': False, 'is_subs_badge_hidden': False, 'is_subs_duration_hidden': False}",False,False,False,False,461889044,"[{'id': 1574, 'image_url': 'https://dqd0jw5gvbchn.cloudfront.net/badge/subscription/template/a9c440f7-c013-36a3-4484-3e412f520cc7.png', 'label': 'SS席', 'type': 'subscription', 'subscription': {'months': 10, 'tier': 2}}]",299,FES01,https://dqd0jw5gvbchn.cloudfront.net/yell/299/e40290c7cec606f0f867813e7a224bad976e2fac.gif,,,200,160,15,,sakurada6350,True,4024744,891790108,さくらだ,,https://hayabusa.io/openrec-image/user/8917902/891790108.w90.ttl3600.v1621280044.png?format=png,https://hayabusa.io/openrec-image/user/8917902/891790108.w320.ttl3600.v1621280044.png?format=png,https://hayabusa.io/openrec-image/user_background/8917902/891790108_cover.w210.ttl3600.v1618232033.png?format=png,https://dqd0jw5gvbchn.cloudfront.net/user_background/8917902/891790108_cover.png?1618232033,1,0,False,False,False,False,False,False,False,False,0,True,2021-02-08T21:42:07+09:00,,,,,,,bang,False,,,,,,,,,,True,True,,,1o8qe5j1g8k
16,612747,徹夜お疲れ様でした,2021-05-18T01:15:30+09:00,channel,"{'id': 22, 'name': '400', 'image_url': 'https://dqd0jw5gvbchn.cloudfront.net/yell/22/2e6d5b4895ae00b656a700e2d25ef41e9e2600cd.gif', 'image_url_small': '', 'animation_url': '', 'points': 500, 'yells': 400, 'ticker_seconds': 20, 'channel': None}","{'id': 'JoeLai', 'registered_user_id': True, 'openrec_user_id': 3549943, 'recxuser_id': 784350701, 'nickname': 'Joe', 'introduction': '', 'icon_image_url': 'https://hayabusa.io/openrec-image/user/7843508/784350701.w90.ttl3600.v1604310467.png?format=png', 'l_icon_image_url': 'https://hayabusa.io/openrec-image/user/7843508/784350701.w320.ttl3600.v1604310467.png?format=png', 'cover_image_url': 'https://hayabusa.io/openrec-image/user_background/7843508/784350701_cover.w210.ttl3600.v1604310565.png?format=png', 'l_cover_image_url': 'https://dqd0jw5gvbchn.cloudfront.net/user_background/7843508/784350701_cover.png?1604310565', 'follows': 5, 'followers': 0, 'is_premium': False, 'is_official': False, 'is_fresh': False, 'is_warned': False, 'is_team': False, 'is_league_yell': False, 'is_live': False, 'is_stats_hidden': False, 'live_views': 0, 'is_viewers_hidden': True, 'registered_at': '2020-08-23T19:05:41+09:00', 'last_updated_at': None, 'signed_in_with_facebook': None, 'signed_in_with_twitter': None, 'signed_in_with_google': None, 'signed_in_with_yahoo': None, 'signed_in_with_apple': None, 'user_status': 'bang', 'is_creator': False, 'premium_start_at': None, 'premium_charge_type': None, 'premium_payment_status': None, 'has_ppv_permission': None, 'has_active_email_token': None, 'email': None, 'pending_email': None, 'twitter_screen_name': None, 'hidden_channels': None, 'has_confirmed_email': True, 'is_approved_account': True, 'blacklist_count': None, 'blacklist_limit': None}","{'id': 'sagara_mayu', 'registered_user_id': True, 'openrec_user_id': 3758330, 'recxuser_id': 823666191, 'nickname': '相良茉優のFUN！FAN！FACTORY', 'introduction': '毎週月曜日配信の相良茉優がファンと一緒に楽しいことを作っていく番組です！\n\n番組推奨ハッシュタグ「#さがらFFF」\n是非ハッシュタグを付けて番組や相良茉優について呟いてください！\n\n「Discord」にてサブスク限定コミュニティも運営中！\n以下より連携方法をご確認ください。\nhttps://openrecnext.amebaownd.com/posts/11101764\n\n▼サブスク特典\nA席\n①メンバー限定放送・アーカイブ見放題\n②(入会初月のみ)翌月10日頃にOPENRECポイント300Pt付与\n③お誕生日月にお名前入り写真プレゼント(集合)※Discordにて前月中に申し込みの必要あり\n\nS席\n①メンバー限定放送・アーカイブ見放題\n②S席・SS席限定オフショット写真プレゼント\n③限定サイン入りチェキを抽選でプレゼント\n④(入会初月のみ)翌月10日頃にOPENRECポイント500Pt付与\n⑤お誕生日月にお名前入り写真プレゼント(個別)※Discordにて前月中に申し込みの必要あり\n\nSS席\n①メンバー限定配信・アーカイブ見放題\n②オフショット写真プレゼント\n③限定サイン入りチェキを抽選でプレゼント\n④視聴者参加型企画参加権利(抽選)\n⑤オフショット動画見放題\n⑥S席・SS席限定オフショット\n⑦(入会初月のみ)翌月10日頃にOPENRECポイント800Pt付与\n⑧お誕生日月にお名前をお呼びしたお祝い動画をプレゼント！\n\u3000(※Discordにて前月までに申し込みの必要あり)\n\n■相良茉優プロフィール\n京都府出身。4月17日生まれ。Digital Double所属。\n「アイドルメモリーズ」梶原未来で初めてのメインキャラを演じ、声優として活動を始める。\n2017年「ラブライブ！虹ヶ咲学園スクールアイドル同好会」で中須かすみに抜擢され、\n同作品のスクールアイドルとして現在放送中のアニメやゲーム・ライブで活動中。\n他にも、アプリ「ひぐらしのなく頃に命」(公由一穂)、アプリ「マギアレコード 魔法少女まどか☆マギカ外伝」(広江ちはる)等、多数作品に出演。2020年春に短編映画「時々は、眠れない夜に」に初めて実写での出演を果たした。\n', 'icon_image_url': 'https://hayabusa.io/openrec-image/user/8236662/823666191_202010211143.w90.ttl3600.png?format=png', 'l_icon_image_url': 'https://hayabusa.io/openrec-image/user/8236662/823666191_202010211143.w320.ttl3600.png?format=png', 'cover_image_url': 'https://hayabusa.io/openrec-image/user_background/8236662/823666191_202010211143.w210.ttl3600.png?format=png', 'l_cover_image_url': 'https://dqd0jw5gvbchn.cloudfront.net/user_background/8236662/823666191_202010211143.png', 'follows': 2, 'followers': 3677, 'is_premium': True, 'is_official': True, 'is_fresh': False, 'is_warned': False, 'is_team': False, 'is_league_yell': False, 'is_live': False, 'is_stats_hidden': False, 'live_views': 0, 'is_viewers_hidden': True, 'registered_at': '2020-10-19T20:34:04+09:00', 'last_updated_at': '2021-11-13T20:00:01+09:00', 'signed_in_with_facebook': None, 'signed_in_with_twitter': None, 'signed_in_with_google': None, 'signed_in_with_yahoo': None, 'signed_in_with_apple': None, 'user_status': 'special', 'is_creator': True, 'premium_start_at': None, 'premium_charge_type': None, 'premium_payment_status': None, 'has_ppv_permission': None, 'has_active_email_token': None, 'email': None, 'pending_email': None, 'twitter_screen_name': None, 'hidden_channels': None, 'has_confirmed_email': True, 'is_approved_account': True, 'blacklist_count': None, 'blacklist_limit': None}","{'name_color': '#F6A434', 'is_premium_hidden': False, 'is_official_hidden': False, 'is_subs_badge_hidden': False, 'is_subs_duration_hidden': False}",False,False,False,False,461888910,"[{'id': 1574, 'image_url': 'https://dqd0jw5gvbchn.cloudfront.net/badge/subscription/template/a9c440f7-c013-36a3-4484-3e412f520cc7.png', 'label': 'SS席', 'type': 'subscription', 'subscription': {'months': 13, 'tier': 2}}]",22,400,https://dqd0jw5gvbchn.cloudfront.net/yell/22/2e6d5b4895ae00b656a700e2d25ef41e9e2600cd.gif,,,500,400,20,,JoeLai,True,3549943,784350701,Joe,,https://hayabusa.io/openrec-image/user/7843508/784350701.w90.ttl3600.v1604310467.png?format=png,https://hayabusa.io/openrec-image/user/7843508/784350701.w320.ttl3600.v1604310467.png?format=png,https://hayabusa.io/openrec-image/user_background/7843508/784350701_cover.w210.ttl3600.v1604310565.png?format=png,https://dqd0jw5gvbchn.cloudfront.net/user_background/7843508/784350701_cover.png?1604310565,5,0,False,False,False,False,False,False,False,False,0,True,2020-08-23T19:05:41+09:00,,,,,,,bang,False,,,,,,,,,,True,True,,,1o8qe5j1g8k
17,612741,まゆちもまつうらさんもお疲れ様です…,2021-05-18T01:14:54+09:00,channel,"{'id': 299, 'name': 'FES01', 'image_url': 'https://dqd0jw5gvbchn.cloudfront.net/yell/299/e40290c7cec606f0f867813e7a224bad976e2fac.gif', 'image_url_small': '', 'animation_url': '', 'points': 200, 'yells': 160, 'ticker_seconds': 15, 'channel': None}","{'id': 'thirdplanet1028', 'registered_user_id': True, 'openrec_user_id': 3853760, 'recxuser_id': 848055127, 'nickname': 'ほのつん', 'introduction': '', 'icon_image_url': 'https://hayabusa.io/openrec-image/user/8480552/848055127.w90.ttl3600.v1606126628.png?format=png', 'l_icon_image_url': 'https://hayabusa.io/openrec-image/user/8480552/848055127.w320.ttl3600.v1606126628.png?format=png', 'cover_image_url': '', 'l_cover_image_url': '', 'follows': 4, 'followers': 0, 'is_premium': True, 'is_official': False, 'is_fresh': False, 'is_warned': False, 'is_team': False, 'is_league_yell': False, 'is_live': False, 'is_stats_hidden': False, 'live_views': 0, 'is_viewers_hidden': True, 'registered_at': '2020-11-23T19:17:08+09:00', 'last_updated_at': None, 'signed_in_with_facebook': None, 'signed_in_with_twitter': None, 'signed_in_with_google': None, 'signed_in_with_yahoo': None, 'signed_in_with_apple': None, 'user_status': 'bang', 'is_creator': False, 'premium_start_at': None, 'premium_charge_type': None, 'premium_payment_status': None, 'has_ppv_permission': None, 'has_active_email_token': None, 'email': None, 'pending_email': None, 'twitter_screen_name': None, 'hidden_channels': None, 'has_confirmed_email': True, 'is_approved_account': True, 'blacklist_count': None, 'blacklist_limit': None}","{'id': 'sagara_mayu', 'registered_user_id': True, 'openrec_user_id': 3758330, 'recxuser_id': 823666191, 'nickname': '相良茉優のFUN！FAN！FACTORY', 'introduction': '毎週月曜日配信の相良茉優がファンと一緒に楽しいことを作っていく番組です！\n\n番組推奨ハッシュタグ「#さがらFFF」\n是非ハッシュタグを付けて番組や相良茉優について呟いてください！\n\n「Discord」にてサブスク限定コミュニティも運営中！\n以下より連携方法をご確認ください。\nhttps://openrecnext.amebaownd.com/posts/11101764\n\n▼サブスク特典\nA席\n①メンバー限定放送・アーカイブ見放題\n②(入会初月のみ)翌月10日頃にOPENRECポイント300Pt付与\n③お誕生日月にお名前入り写真プレゼント(集合)※Discordにて前月中に申し込みの必要あり\n\nS席\n①メンバー限定放送・アーカイブ見放題\n②S席・SS席限定オフショット写真プレゼント\n③限定サイン入りチェキを抽選でプレゼント\n④(入会初月のみ)翌月10日頃にOPENRECポイント500Pt付与\n⑤お誕生日月にお名前入り写真プレゼント(個別)※Discordにて前月中に申し込みの必要あり\n\nSS席\n①メンバー限定配信・アーカイブ見放題\n②オフショット写真プレゼント\n③限定サイン入りチェキを抽選でプレゼント\n④視聴者参加型企画参加権利(抽選)\n⑤オフショット動画見放題\n⑥S席・SS席限定オフショット\n⑦(入会初月のみ)翌月10日頃にOPENRECポイント800Pt付与\n⑧お誕生日月にお名前をお呼びしたお祝い動画をプレゼント！\n\u3000(※Discordにて前月までに申し込みの必要あり)\n\n■相良茉優プロフィール\n京都府出身。4月17日生まれ。Digital Double所属。\n「アイドルメモリーズ」梶原未来で初めてのメインキャラを演じ、声優として活動を始める。\n2017年「ラブライブ！虹ヶ咲学園スクールアイドル同好会」で中須かすみに抜擢され、\n同作品のスクールアイドルとして現在放送中のアニメやゲーム・ライブで活動中。\n他にも、アプリ「ひぐらしのなく頃に命」(公由一穂)、アプリ「マギアレコード 魔法少女まどか☆マギカ外伝」(広江ちはる)等、多数作品に出演。2020年春に短編映画「時々は、眠れない夜に」に初めて実写での出演を果たした。\n', 'icon_image_url': 'https://hayabusa.io/openrec-image/user/8236662/823666191_202010211143.w90.ttl3600.png?format=png', 'l_icon_image_url': 'https://hayabusa.io/openrec-image/user/8236662/823666191_202010211143.w320.ttl3600.png?format=png', 'cover_image_url': 'https://hayabusa.io/openrec-image/user_background/8236662/823666191_202010211143.w210.ttl3600.png?format=png', 'l_cover_image_url': 'https://dqd0jw5gvbchn.cloudfront.net/user_background/8236662/823666191_202010211143.png', 'follows': 2, 'followers': 3677, 'is_premium': True, 'is_official': True, 'is_fresh': False, 'is_warned': False, 'is_team': False, 'is_league_yell': False, 'is_live': False, 'is_stats_hidden': False, 'live_views': 0, 'is_viewers_hidden': True, 'registered_at': '2020-10-19T20:34:04+09:00', 'last_updated_at': '2021-11-13T20:00:01+09:00', 'signed_in_with_facebook': None, 'signed_in_with_twitter': None, 'signed_in_with_google': None, 'signed_in_with_yahoo': None, 'signed_in_with_apple': None, 'user_status': 'special', 'is_creator': True, 'premium_start_at': None, 'premium_charge_type': None, 'premium_payment_status': None, 'has_ppv_permission': None, 'has_active_email_token': None, 'email': None, 'pending_email': None, 'twitter_screen_name': None, 'hidden_channels': None, 'has_confirmed_email': True, 'is_approved_account': True, 'blacklist_count': None, 'blacklist_limit': None}","{'name_color': '#B6FF59', 'is_premium_hidden': False, 'is_official_hidden': False, 'is_subs_badge_hidden': False, 'is_subs_duration_hidden': False}",False,False,False,False,461888505,"[{'id': 1574, 'image_url': 'https://dqd0jw5gvbchn.cloudfront.net/badge/subscription/template/a9c440f7-c013-36a3-4484-3e412f520cc7.png', 'label': 'SS席', 'type': 'subscription', 'subscription': {'months': 12, 'tier': 2}}]",299,FES01,https://dqd0jw5gvbchn.cloudfront.net/yell/299/e40290c7cec606f0f867813e7a224bad976e2fac.gif,,,200,160,15,,thirdplanet1028,True,3853760,848055127,ほのつん,,https://hayabusa.io/openrec-image/user/8480552/848055127.w90.ttl3600.v1606126628.png?format=png,https://hayabusa.io/openrec-image/user/8480552/848055127.w320.ttl3600.v1606126628.png?format=png,,,4,0,True,False,False,False,False,False,False,False,0,True,2020-11-23T19:17:08+09:00,,,,,,,bang,False,,,,,,,,,,True,True,,,1o8qe5j1g8k
18,612738,エイペックスやりながら見てます,2021-05-18T01:14:37+09:00,channel,"{'id': 301, 'name': 'FES03', 'image_url': 'https://dqd0jw5gvbchn.cloudfront.net/yell/301/925592946a8b319e854a9029c507297e2b624970.gif', 'image_url_small': '', 'animation_url': '', 'points': 1000, 'yells': 800, 'ticker_seconds': 15, 'channel': None}","{'id': 'aki_313_east', 'registered_user_id': True, 'openrec_user_id': 3822043, 'recxuser_id': 838459486, 'nickname': 'aki@諜報員', 'introduction': '', 'icon_image_url': 'https://hayabusa.io/openrec-image/user/8384595/838459486.w90.ttl3600.v1607338715.png?format=png', 'l_icon_image_url': 'https://hayabusa.io/openrec-image/user/8384595/838459486.w320.ttl3600.v1607338715.png?format=png', 'cover_image_url': '', 'l_cover_image_url': '', 'follows': 4, 'followers': 1, 'is_premium': False, 'is_official': False, 'is_fresh': False, 'is_warned': False, 'is_team': False, 'is_league_yell': False, 'is_live': False, 'is_stats_hidden': False, 'live_views': 0, 'is_viewers_hidden': True, 'registered_at': '2020-11-09T19:42:19+09:00', 'last_updated_at': None, 'signed_in_with_facebook': None, 'signed_in_with_twitter': None, 'signed_in_with_google': None, 'signed_in_with_yahoo': None, 'signed_in_with_apple': None, 'user_status': 'bang', 'is_creator': False, 'premium_start_at': None, 'premium_charge_type': None, 'premium_payment_status': None, 'has_ppv_permission': None, 'has_active_email_token': None, 'email': None, 'pending_email': None, 'twitter_screen_name': None, 'hidden_channels': None, 'has_confirmed_email': True, 'is_approved_account': True, 'blacklist_count': None, 'blacklist_limit': None}","{'id': 'sagara_mayu', 'registered_user_id': True, 'openrec_user_id': 3758330, 'recxuser_id': 823666191, 'nickname': '相良茉優のFUN！FAN！FACTORY', 'introduction': '毎週月曜日配信の相良茉優がファンと一緒に楽しいことを作っていく番組です！\n\n番組推奨ハッシュタグ「#さがらFFF」\n是非ハッシュタグを付けて番組や相良茉優について呟いてください！\n\n「Discord」にてサブスク限定コミュニティも運営中！\n以下より連携方法をご確認ください。\nhttps://openrecnext.amebaownd.com/posts/11101764\n\n▼サブスク特典\nA席\n①メンバー限定放送・アーカイブ見放題\n②(入会初月のみ)翌月10日頃にOPENRECポイント300Pt付与\n③お誕生日月にお名前入り写真プレゼント(集合)※Discordにて前月中に申し込みの必要あり\n\nS席\n①メンバー限定放送・アーカイブ見放題\n②S席・SS席限定オフショット写真プレゼント\n③限定サイン入りチェキを抽選でプレゼント\n④(入会初月のみ)翌月10日頃にOPENRECポイント500Pt付与\n⑤お誕生日月にお名前入り写真プレゼント(個別)※Discordにて前月中に申し込みの必要あり\n\nSS席\n①メンバー限定配信・アーカイブ見放題\n②オフショット写真プレゼント\n③限定サイン入りチェキを抽選でプレゼント\n④視聴者参加型企画参加権利(抽選)\n⑤オフショット動画見放題\n⑥S席・SS席限定オフショット\n⑦(入会初月のみ)翌月10日頃にOPENRECポイント800Pt付与\n⑧お誕生日月にお名前をお呼びしたお祝い動画をプレゼント！\n\u3000(※Discordにて前月までに申し込みの必要あり)\n\n■相良茉優プロフィール\n京都府出身。4月17日生まれ。Digital Double所属。\n「アイドルメモリーズ」梶原未来で初めてのメインキャラを演じ、声優として活動を始める。\n2017年「ラブライブ！虹ヶ咲学園スクールアイドル同好会」で中須かすみに抜擢され、\n同作品のスクールアイドルとして現在放送中のアニメやゲーム・ライブで活動中。\n他にも、アプリ「ひぐらしのなく頃に命」(公由一穂)、アプリ「マギアレコード 魔法少女まどか☆マギカ外伝」(広江ちはる)等、多数作品に出演。2020年春に短編映画「時々は、眠れない夜に」に初めて実写での出演を果たした。\n', 'icon_image_url': 'https://hayabusa.io/openrec-image/user/8236662/823666191_202010211143.w90.ttl3600.png?format=png', 'l_icon_image_url': 'https://hayabusa.io/openrec-image/user/8236662/823666191_202010211143.w320.ttl3600.png?format=png', 'cover_image_url': 'https://hayabusa.io/openrec-image/user_background/8236662/823666191_202010211143.w210.ttl3600.png?format=png', 'l_cover_image_url': 'https://dqd0jw5gvbchn.cloudfront.net/user_background/8236662/823666191_202010211143.png', 'follows': 2, 'followers': 3677, 'is_premium': True, 'is_official': True, 'is_fresh': False, 'is_warned': False, 'is_team': False, 'is_league_yell': False, 'is_live': False, 'is_stats_hidden': False, 'live_views': 0, 'is_viewers_hidden': True, 'registered_at': '2020-10-19T20:34:04+09:00', 'last_updated_at': '2021-11-13T20:00:01+09:00', 'signed_in_with_facebook': None, 'signed_in_with_twitter': None, 'signed_in_with_google': None, 'signed_in_with_yahoo': None, 'signed_in_with_apple': None, 'user_status': 'special', 'is_creator': True, 'premium_start_at': None, 'premium_charge_type': None, 'premium_payment_status': None, 'has_ppv_permission': None, 'has_active_email_token': None, 'email': None, 'pending_email': None, 'twitter_screen_name': None, 'hidden_channels': None, 'has_confirmed_email': True, 'is_approved_account': True, 'blacklist_count': None, 'blacklist_limit': None}","{'name_color': '#FB7642', 'is_premium_hidden': False, 'is_official_hidden': False, 'is_subs_badge_hidden': False, 'is_subs_duration_hidden': False}",False,False,False,False,461888306,"[{'id': 1574, 'image_url': 'https://dqd0jw5gvbchn.cloudfront.net/badge/subscription/template/a9c440f7-c013-36a3-4484-3e412f520cc7.png', 'label': 'SS席', 'type': 'subscription', 'subscription': {'months': 13, 'tier': 2}}]",301,FES03,https://dqd0jw5gvbchn.cloudfront.net/yell/301/925592946a8b319e854a9029c507297e2b624970.gif,,,1000,800,15,,aki_313_east,True,3822043,838459486,aki@諜報員,,https://hayabusa.io/openrec-image/user/8384595/838459486.w90.ttl3600.v1607338715.png?format=png,https://hayabusa.io/openrec-image/user/8384595/838459486.w320.ttl3600.v1607338715.png?format=png,,,4,1,False,False,False,False,False,False,False,False,0,True,2020-11-09T19:42:19+09:00,,,,,,,bang,False,,,,,,,,,,True,True,,,1o8qe5j1g8k
19,612737,今日ばっちり届きました！,2021-05-18T01:14:34+09:00,channel,"{'id': 299, 'name': 'FES01', 'image_url': 'https://dqd0jw5gvbchn.cloudfront.net/yell/299/e40290c7cec606f0f867813e7a224bad976e2fac.gif', 'image_url_small': '', 'animation_url': '', 'points': 200, 'yells': 160, 'ticker_seconds': 15, 'channel': None}","{'id': 'nisemonoPND', 'registered_user_id': True, 'openrec_user_id': 3761145, 'recxuser_id': 825081625, 'nickname': 'にせぱん', 'introduction': '', 'icon_image_url': 'https://hayabusa.io/openrec-image/user/8250817/825081625.w90.ttl3600.v1631803107.png?format=png', 'l_icon_image_url': 'https://hayabusa.io/openrec-image/user/8250817/825081625.w320.ttl3600.v1631803107.png?format=png', 'cover_image_url': '', 'l_cover_image_url': '', 'follows': 5, 'followers': 0, 'is_premium': False, 'is_official': False, 'is_fresh': False, 'is_warned': False, 'is_team': False, 'is_league_yell': False, 'is_live': False, 'is_stats_hidden': False, 'live_views': 0, 'is_viewers_hidden': True, 'registered_at': '2020-10-21T22:05:37+09:00', 'last_updated_at': None, 'signed_in_with_facebook': None, 'signed_in_with_twitter': None, 'signed_in_with_google': None, 'signed_in_with_yahoo': None, 'signed_in_with_apple': None, 'user_status': 'bang', 'is_creator': False, 'premium_start_at': None, 'premium_charge_type': None, 'premium_payment_status': None, 'has_ppv_permission': None, 'has_active_email_token': None, 'email': None, 'pending_email': None, 'twitter_screen_name': None, 'hidden_channels': None, 'has_confirmed_email': True, 'is_approved_account': True, 'blacklist_count': None, 'blacklist_limit': None}","{'id': 'sagara_mayu', 'registered_user_id': True, 'openrec_user_id': 3758330, 'recxuser_id': 823666191, 'nickname': '相良茉優のFUN！FAN！FACTORY', 'introduction': '毎週月曜日配信の相良茉優がファンと一緒に楽しいことを作っていく番組です！\n\n番組推奨ハッシュタグ「#さがらFFF」\n是非ハッシュタグを付けて番組や相良茉優について呟いてください！\n\n「Discord」にてサブスク限定コミュニティも運営中！\n以下より連携方法をご確認ください。\nhttps://openrecnext.amebaownd.com/posts/11101764\n\n▼サブスク特典\nA席\n①メンバー限定放送・アーカイブ見放題\n②(入会初月のみ)翌月10日頃にOPENRECポイント300Pt付与\n③お誕生日月にお名前入り写真プレゼント(集合)※Discordにて前月中に申し込みの必要あり\n\nS席\n①メンバー限定放送・アーカイブ見放題\n②S席・SS席限定オフショット写真プレゼント\n③限定サイン入りチェキを抽選でプレゼント\n④(入会初月のみ)翌月10日頃にOPENRECポイント500Pt付与\n⑤お誕生日月にお名前入り写真プレゼント(個別)※Discordにて前月中に申し込みの必要あり\n\nSS席\n①メンバー限定配信・アーカイブ見放題\n②オフショット写真プレゼント\n③限定サイン入りチェキを抽選でプレゼント\n④視聴者参加型企画参加権利(抽選)\n⑤オフショット動画見放題\n⑥S席・SS席限定オフショット\n⑦(入会初月のみ)翌月10日頃にOPENRECポイント800Pt付与\n⑧お誕生日月にお名前をお呼びしたお祝い動画をプレゼント！\n\u3000(※Discordにて前月までに申し込みの必要あり)\n\n■相良茉優プロフィール\n京都府出身。4月17日生まれ。Digital Double所属。\n「アイドルメモリーズ」梶原未来で初めてのメインキャラを演じ、声優として活動を始める。\n2017年「ラブライブ！虹ヶ咲学園スクールアイドル同好会」で中須かすみに抜擢され、\n同作品のスクールアイドルとして現在放送中のアニメやゲーム・ライブで活動中。\n他にも、アプリ「ひぐらしのなく頃に命」(公由一穂)、アプリ「マギアレコード 魔法少女まどか☆マギカ外伝」(広江ちはる)等、多数作品に出演。2020年春に短編映画「時々は、眠れない夜に」に初めて実写での出演を果たした。\n', 'icon_image_url': 'https://hayabusa.io/openrec-image/user/8236662/823666191_202010211143.w90.ttl3600.png?format=png', 'l_icon_image_url': 'https://hayabusa.io/openrec-image/user/8236662/823666191_202010211143.w320.ttl3600.png?format=png', 'cover_image_url': 'https://hayabusa.io/openrec-image/user_background/8236662/823666191_202010211143.w210.ttl3600.png?format=png', 'l_cover_image_url': 'https://dqd0jw5gvbchn.cloudfront.net/user_background/8236662/823666191_202010211143.png', 'follows': 2, 'followers': 3677, 'is_premium': True, 'is_official': True, 'is_fresh': False, 'is_warned': False, 'is_team': False, 'is_league_yell': False, 'is_live': False, 'is_stats_hidden': False, 'live_views': 0, 'is_viewers_hidden': True, 'registered_at': '2020-10-19T20:34:04+09:00', 'last_updated_at': '2021-11-13T20:00:01+09:00', 'signed_in_with_facebook': None, 'signed_in_with_twitter': None, 'signed_in_with_google': None, 'signed_in_with_yahoo': None, 'signed_in_with_apple': None, 'user_status': 'special', 'is_creator': True, 'premium_start_at': None, 'premium_charge_type': None, 'premium_payment_status': None, 'has_ppv_permission': None, 'has_active_email_token': None, 'email': None, 'pending_email': None, 'twitter_screen_name': None, 'hidden_channels': None, 'has_confirmed_email': True, 'is_approved_account': True, 'blacklist_count': None, 'blacklist_limit': None}","{'name_color': '#E03B92', 'is_premium_hidden': False, 'is_official_hidden': False, 'is_subs_badge_hidden': False, 'is_subs_duration_hidden': False}",False,False,False,False,461888270,"[{'id': 1574, 'image_url': 'https://dqd0jw5gvbchn.cloudfront.net/badge/subscription/template/a9c440f7-c013-36a3-4484-3e412f520cc7.png', 'label': 'SS席', 'type': 'subscription', 'subscription': {'months': 13, 'tier': 2}}]",299,FES01,https://dqd0jw5gvbchn.cloudfront.net/yell/299/e40290c7cec606f0f867813e7a224bad976e2fac.gif,,,200,160,15,,nisemonoPND,True,3761145,825081625,にせぱん,,https://hayabusa.io/openrec-image/user/8250817/825081625.w90.ttl3600.v1631803107.png?format=png,https://hayabusa.io/openrec-image/user/8250817/825081625.w320.ttl3600.v1631803107.png?format=png,,,5,0,False,False,False,False,False,False,False,False,0,True,2020-10-21T22:05:37+09:00,,,,,,,bang,False,,,,,,,,,,True,True,,,1o8qe5j1g8k
20,612736,漢字の勉強もがんばろう〜,2021-05-18T01:14:13+09:00,channel,"{'id': 300, 'name': 'FES02', 'image_url': 'https://dqd0jw5gvbchn.cloudfront.net/yell/300/59aff2cb78428e04874c99ce75121618cdcfe1ad.gif', 'image_url_small': '', 'animation_url': '', 'points': 500, 'yells': 400, 'ticker_seconds': 15, 'channel': None}","{'id': 'KoizumiKuro_HK', 'registered_user_id': True, 'openrec_user_id': 3761245, 'recxuser_id': 825112534, 'nickname': '小泉くろ', 'introduction': '推しの為にここに来た(｀・ω・´)\nよろしくお願いしますね', 'icon_image_url': 'https://hayabusa.io/openrec-image/user/8251126/825112534.w90.ttl3600.v1614359322.png?format=png', 'l_icon_image_url': 'https://hayabusa.io/openrec-image/user/8251126/825112534.w320.ttl3600.v1614359322.png?format=png', 'cover_image_url': 'https://hayabusa.io/openrec-image/user_background/8251126/825112534_cover.w210.ttl3600.v1614359322.png?format=png', 'l_cover_image_url': 'https://dqd0jw5gvbchn.cloudfront.net/user_background/8251126/825112534_cover.png?1614359322', 'follows': 5, 'followers': 3, 'is_premium': True, 'is_official': False, 'is_fresh': False, 'is_warned': False, 'is_team': False, 'is_league_yell': False, 'is_live': False, 'is_stats_hidden': False, 'live_views': 0, 'is_viewers_hidden': True, 'registered_at': '2020-10-21T23:09:42+09:00', 'last_updated_at': None, 'signed_in_with_facebook': None, 'signed_in_with_twitter': None, 'signed_in_with_google': None, 'signed_in_with_yahoo': None, 'signed_in_with_apple': None, 'user_status': 'bang', 'is_creator': False, 'premium_start_at': None, 'premium_charge_type': None, 'premium_payment_status': None, 'has_ppv_permission': None, 'has_active_email_token': None, 'email': None, 'pending_email': None, 'twitter_screen_name': None, 'hidden_channels': None, 'has_confirmed_email': True, 'is_approved_account': True, 'blacklist_count': None, 'blacklist_limit': None}","{'id': 'sagara_mayu', 'registered_user_id': True, 'openrec_user_id': 3758330, 'recxuser_id': 823666191, 'nickname': '相良茉優のFUN！FAN！FACTORY', 'introduction': '毎週月曜日配信の相良茉優がファンと一緒に楽しいことを作っていく番組です！\n\n番組推奨ハッシュタグ「#さがらFFF」\n是非ハッシュタグを付けて番組や相良茉優について呟いてください！\n\n「Discord」にてサブスク限定コミュニティも運営中！\n以下より連携方法をご確認ください。\nhttps://openrecnext.amebaownd.com/posts/11101764\n\n▼サブスク特典\nA席\n①メンバー限定放送・アーカイブ見放題\n②(入会初月のみ)翌月10日頃にOPENRECポイント300Pt付与\n③お誕生日月にお名前入り写真プレゼント(集合)※Discordにて前月中に申し込みの必要あり\n\nS席\n①メンバー限定放送・アーカイブ見放題\n②S席・SS席限定オフショット写真プレゼント\n③限定サイン入りチェキを抽選でプレゼント\n④(入会初月のみ)翌月10日頃にOPENRECポイント500Pt付与\n⑤お誕生日月にお名前入り写真プレゼント(個別)※Discordにて前月中に申し込みの必要あり\n\nSS席\n①メンバー限定配信・アーカイブ見放題\n②オフショット写真プレゼント\n③限定サイン入りチェキを抽選でプレゼント\n④視聴者参加型企画参加権利(抽選)\n⑤オフショット動画見放題\n⑥S席・SS席限定オフショット\n⑦(入会初月のみ)翌月10日頃にOPENRECポイント800Pt付与\n⑧お誕生日月にお名前をお呼びしたお祝い動画をプレゼント！\n\u3000(※Discordにて前月までに申し込みの必要あり)\n\n■相良茉優プロフィール\n京都府出身。4月17日生まれ。Digital Double所属。\n「アイドルメモリーズ」梶原未来で初めてのメインキャラを演じ、声優として活動を始める。\n2017年「ラブライブ！虹ヶ咲学園スクールアイドル同好会」で中須かすみに抜擢され、\n同作品のスクールアイドルとして現在放送中のアニメやゲーム・ライブで活動中。\n他にも、アプリ「ひぐらしのなく頃に命」(公由一穂)、アプリ「マギアレコード 魔法少女まどか☆マギカ外伝」(広江ちはる)等、多数作品に出演。2020年春に短編映画「時々は、眠れない夜に」に初めて実写での出演を果たした。\n', 'icon_image_url': 'https://hayabusa.io/openrec-image/user/8236662/823666191_202010211143.w90.ttl3600.png?format=png', 'l_icon_image_url': 'https://hayabusa.io/openrec-image/user/8236662/823666191_202010211143.w320.ttl3600.png?format=png', 'cover_image_url': 'https://hayabusa.io/openrec-image/user_background/8236662/823666191_202010211143.w210.ttl3600.png?format=png', 'l_cover_image_url': 'https://dqd0jw5gvbchn.cloudfront.net/user_background/8236662/823666191_202010211143.png', 'follows': 2, 'followers': 3677, 'is_premium': True, 'is_official': True, 'is_fresh': False, 'is_warned': False, 'is_team': False, 'is_league_yell': False, 'is_live': False, 'is_stats_hidden': False, 'live_views': 0, 'is_viewers_hidden': True, 'registered_at': '2020-10-19T20:34:04+09:00', 'last_updated_at': '2021-11-13T20:00:01+09:00', 'signed_in_with_facebook': None, 'signed_in_with_twitter': None, 'signed_in_with_google': None, 'signed_in_with_yahoo': None, 'signed_in_with_apple': None, 'user_status': 'special', 'is_creator': True, 'premium_start_at': None, 'premium_charge_type': None, 'premium_payment_status': None, 'has_ppv_permission': None, 'has_active_email_token': None, 'email': None, 'pending_email': None, 'twitter_screen_name': None, 'hidden_channels': None, 'has_confirmed_email': True, 'is_approved_account': True, 'blacklist_count': None, 'blacklist_limit': None}","{'name_color': '#34AEF6', 'is_premium_hidden': False, 'is_official_hidden': False, 'is_subs_badge_hidden': False, 'is_subs_duration_hidden': False}",False,False,False,False,461888016,"[{'id': 1574, 'image_url': 'https://dqd0jw5gvbchn.cloudfront.net/badge/subscription/template/a9c440f7-c013-36a3-4484-3e412f520cc7.png', 'label': 'SS席', 'type': 'subscription', 'subscription': {'months': 13, 'tier': 2}}]",300,FES02,https://dqd0jw5gvbchn.cloudfront.net/yell/300/59aff2cb78428e04874c99ce75121618cdcfe1ad.gif,,,500,400,15,,KoizumiKuro_HK,True,3761245,825112534,小泉くろ,"推しの為にここに来た(｀・ω・´)
よろしくお願いしますね",https://hayabusa.io/openrec-image/user/8251126/825112534.w90.ttl3600.v1614359322.png?format=png,https://hayabusa.io/openrec-image/user/8251126/825112534.w320.ttl3600.v1614359322.png?format=png,https://hayabusa.io/openrec-image/user_background/8251126/825112534_cover.w210.ttl3600.v1614359322.png?format=png,https://dqd0jw5gvbchn.cloudfront.net/user_background/8251126/825112534_cover.png?1614359322,5,3,True,False,False,False,False,False,False,False,0,True,2020-10-21T23:09:42+09:00,,,,,,,bang,False,,,,,,,,,,True,True,,,1o8qe5j1g8k
21,612734,作業頑張ってください。あまり無理しないように！,2021-05-18T01:13:22+09:00,channel,"{'id': 299, 'name': 'FES01', 'image_url': 'https://dqd0jw5gvbchn.cloudfront.net/yell/299/e40290c7cec606f0f867813e7a224bad976e2fac.gif', 'image_url_small': '', 'animation_url': '', 'points': 200, 'yells': 160, 'ticker_seconds': 15, 'channel': None}","{'id': 'jnyn1068', 'registered_user_id': True, 'openrec_user_id': 774726, 'recxuser_id': 103555075, 'nickname': 'ゆずりは@さがらー(諜報員)', 'introduction': '', 'icon_image_url': 'https://hayabusa.io/openrec-image/user/1035551/103555075.w90.ttl3600.v1498305343.png?format=png', 'l_icon_image_url': 'https://hayabusa.io/openrec-image/user/1035551/103555075.w320.ttl3600.v1498305343.png?format=png', 'cover_image_url': '', 'l_cover_image_url': '', 'follows': 9, 'followers': 0, 'is_premium': False, 'is_official': False, 'is_fresh': False, 'is_warned': False, 'is_team': False, 'is_league_yell': False, 'is_live': False, 'is_stats_hidden': False, 'live_views': 0, 'is_viewers_hidden': True, 'registered_at': '2017-06-24T20:55:43+09:00', 'last_updated_at': None, 'signed_in_with_facebook': None, 'signed_in_with_twitter': None, 'signed_in_with_google': None, 'signed_in_with_yahoo': None, 'signed_in_with_apple': None, 'user_status': 'bang', 'is_creator': False, 'premium_start_at': None, 'premium_charge_type': None, 'premium_payment_status': None, 'has_ppv_permission': None, 'has_active_email_token': None, 'email': None, 'pending_email': None, 'twitter_screen_name': None, 'hidden_channels': None, 'has_confirmed_email': True, 'is_approved_account': True, 'blacklist_count': None, 'blacklist_limit': None}","{'id': 'sagara_mayu', 'registered_user_id': True, 'openrec_user_id': 3758330, 'recxuser_id': 823666191, 'nickname': '相良茉優のFUN！FAN！FACTORY', 'introduction': '毎週月曜日配信の相良茉優がファンと一緒に楽しいことを作っていく番組です！\n\n番組推奨ハッシュタグ「#さがらFFF」\n是非ハッシュタグを付けて番組や相良茉優について呟いてください！\n\n「Discord」にてサブスク限定コミュニティも運営中！\n以下より連携方法をご確認ください。\nhttps://openrecnext.amebaownd.com/posts/11101764\n\n▼サブスク特典\nA席\n①メンバー限定放送・アーカイブ見放題\n②(入会初月のみ)翌月10日頃にOPENRECポイント300Pt付与\n③お誕生日月にお名前入り写真プレゼント(集合)※Discordにて前月中に申し込みの必要あり\n\nS席\n①メンバー限定放送・アーカイブ見放題\n②S席・SS席限定オフショット写真プレゼント\n③限定サイン入りチェキを抽選でプレゼント\n④(入会初月のみ)翌月10日頃にOPENRECポイント500Pt付与\n⑤お誕生日月にお名前入り写真プレゼント(個別)※Discordにて前月中に申し込みの必要あり\n\nSS席\n①メンバー限定配信・アーカイブ見放題\n②オフショット写真プレゼント\n③限定サイン入りチェキを抽選でプレゼント\n④視聴者参加型企画参加権利(抽選)\n⑤オフショット動画見放題\n⑥S席・SS席限定オフショット\n⑦(入会初月のみ)翌月10日頃にOPENRECポイント800Pt付与\n⑧お誕生日月にお名前をお呼びしたお祝い動画をプレゼント！\n\u3000(※Discordにて前月までに申し込みの必要あり)\n\n■相良茉優プロフィール\n京都府出身。4月17日生まれ。Digital Double所属。\n「アイドルメモリーズ」梶原未来で初めてのメインキャラを演じ、声優として活動を始める。\n2017年「ラブライブ！虹ヶ咲学園スクールアイドル同好会」で中須かすみに抜擢され、\n同作品のスクールアイドルとして現在放送中のアニメやゲーム・ライブで活動中。\n他にも、アプリ「ひぐらしのなく頃に命」(公由一穂)、アプリ「マギアレコード 魔法少女まどか☆マギカ外伝」(広江ちはる)等、多数作品に出演。2020年春に短編映画「時々は、眠れない夜に」に初めて実写での出演を果たした。\n', 'icon_image_url': 'https://hayabusa.io/openrec-image/user/8236662/823666191_202010211143.w90.ttl3600.png?format=png', 'l_icon_image_url': 'https://hayabusa.io/openrec-image/user/8236662/823666191_202010211143.w320.ttl3600.png?format=png', 'cover_image_url': 'https://hayabusa.io/openrec-image/user_background/8236662/823666191_202010211143.w210.ttl3600.png?format=png', 'l_cover_image_url': 'https://dqd0jw5gvbchn.cloudfront.net/user_background/8236662/823666191_202010211143.png', 'follows': 2, 'followers': 3677, 'is_premium': True, 'is_official': True, 'is_fresh': False, 'is_warned': False, 'is_team': False, 'is_league_yell': False, 'is_live': False, 'is_stats_hidden': False, 'live_views': 0, 'is_viewers_hidden': True, 'registered_at': '2020-10-19T20:34:04+09:00', 'last_updated_at': '2021-11-13T20:00:01+09:00', 'signed_in_with_facebook': None, 'signed_in_with_twitter': None, 'signed_in_with_google': None, 'signed_in_with_yahoo': None, 'signed_in_with_apple': None, 'user_status': 'special', 'is_creator': True, 'premium_start_at': None, 'premium_charge_type': None, 'premium_payment_status': None, 'has_ppv_permission': None, 'has_active_email_token': None, 'email': None, 'pending_email': None, 'twitter_screen_name': None, 'hidden_channels': None, 'has_confirmed_email': True, 'is_approved_account': True, 'blacklist_count': None, 'blacklist_limit': None}","{'name_color': '#E03B92', 'is_premium_hidden': False, 'is_official_hidden': False, 'is_subs_badge_hidden': False, 'is_subs_duration_hidden': False}",False,False,False,False,461887404,"[{'id': 1574, 'image_url': 'https://dqd0jw5gvbchn.cloudfront.net/badge/subscription/template/a9c440f7-c013-36a3-4484-3e412f520cc7.png', 'label': 'SS席', 'type': 'subscription', 'subscription': {'months': 13, 'tier': 2}}]",299,FES01,https://dqd0jw5gvbchn.cloudfront.net/yell/299/e40290c7cec606f0f867813e7a224bad976e2fac.gif,,,200,160,15,,jnyn1068,True,774726,103555075,ゆずりは@さがらー(諜報員),,https://hayabusa.io/openrec-image/user/1035551/103555075.w90.ttl3600.v1498305343.png?format=png,https://hayabusa.io/openrec-image/user/1035551/103555075.w320.ttl3600.v1498305343.png?format=png,,,9,0,False,False,False,False,False,False,False,False,0,True,2017-06-24T20:55:43+09:00,,,,,,,bang,False,,,,,,,,,,True,True,,,1o8qe5j1g8k
22,612699,夜勤の時間らしいね,2021-05-18T01:08:23+09:00,channel,"{'id': 299, 'name': 'FES01', 'image_url': 'https://dqd0jw5gvbchn.cloudfront.net/yell/299/e40290c7cec606f0f867813e7a224bad976e2fac.gif', 'image_url_small': '', 'animation_url': '', 'points': 200, 'yells': 160, 'ticker_seconds': 15, 'channel': None}","{'id': 'himagine666', 'registered_user_id': True, 'openrec_user_id': 3758345, 'recxuser_id': 823668830, 'nickname': 'ヒマギネ', 'introduction': 'すやぴ', 'icon_image_url': 'https://hayabusa.io/openrec-image/user/8236689/823668830.w90.ttl3600.v1603107532.png?format=png', 'l_icon_image_url': 'https://hayabusa.io/openrec-image/user/8236689/823668830.w320.ttl3600.v1603107532.png?format=png', 'cover_image_url': '', 'l_cover_image_url': '', 'follows': 9, 'followers': 2, 'is_premium': False, 'is_official': False, 'is_fresh': False, 'is_warned': False, 'is_team': False, 'is_league_yell': False, 'is_live': False, 'is_stats_hidden': False, 'live_views': 0, 'is_viewers_hidden': True, 'registered_at': '2020-10-19T20:38:52+09:00', 'last_updated_at': None, 'signed_in_with_facebook': None, 'signed_in_with_twitter': None, 'signed_in_with_google': None, 'signed_in_with_yahoo': None, 'signed_in_with_apple': None, 'user_status': 'bang', 'is_creator': False, 'premium_start_at': None, 'premium_charge_type': None, 'premium_payment_status': None, 'has_ppv_permission': None, 'has_active_email_token': None, 'email': None, 'pending_email': None, 'twitter_screen_name': None, 'hidden_channels': None, 'has_confirmed_email': True, 'is_approved_account': True, 'blacklist_count': None, 'blacklist_limit': None}","{'id': 'sagara_mayu', 'registered_user_id': True, 'openrec_user_id': 3758330, 'recxuser_id': 823666191, 'nickname': '相良茉優のFUN！FAN！FACTORY', 'introduction': '毎週月曜日配信の相良茉優がファンと一緒に楽しいことを作っていく番組です！\n\n番組推奨ハッシュタグ「#さがらFFF」\n是非ハッシュタグを付けて番組や相良茉優について呟いてください！\n\n「Discord」にてサブスク限定コミュニティも運営中！\n以下より連携方法をご確認ください。\nhttps://openrecnext.amebaownd.com/posts/11101764\n\n▼サブスク特典\nA席\n①メンバー限定放送・アーカイブ見放題\n②(入会初月のみ)翌月10日頃にOPENRECポイント300Pt付与\n③お誕生日月にお名前入り写真プレゼント(集合)※Discordにて前月中に申し込みの必要あり\n\nS席\n①メンバー限定放送・アーカイブ見放題\n②S席・SS席限定オフショット写真プレゼント\n③限定サイン入りチェキを抽選でプレゼント\n④(入会初月のみ)翌月10日頃にOPENRECポイント500Pt付与\n⑤お誕生日月にお名前入り写真プレゼント(個別)※Discordにて前月中に申し込みの必要あり\n\nSS席\n①メンバー限定配信・アーカイブ見放題\n②オフショット写真プレゼント\n③限定サイン入りチェキを抽選でプレゼント\n④視聴者参加型企画参加権利(抽選)\n⑤オフショット動画見放題\n⑥S席・SS席限定オフショット\n⑦(入会初月のみ)翌月10日頃にOPENRECポイント800Pt付与\n⑧お誕生日月にお名前をお呼びしたお祝い動画をプレゼント！\n\u3000(※Discordにて前月までに申し込みの必要あり)\n\n■相良茉優プロフィール\n京都府出身。4月17日生まれ。Digital Double所属。\n「アイドルメモリーズ」梶原未来で初めてのメインキャラを演じ、声優として活動を始める。\n2017年「ラブライブ！虹ヶ咲学園スクールアイドル同好会」で中須かすみに抜擢され、\n同作品のスクールアイドルとして現在放送中のアニメやゲーム・ライブで活動中。\n他にも、アプリ「ひぐらしのなく頃に命」(公由一穂)、アプリ「マギアレコード 魔法少女まどか☆マギカ外伝」(広江ちはる)等、多数作品に出演。2020年春に短編映画「時々は、眠れない夜に」に初めて実写での出演を果たした。\n', 'icon_image_url': 'https://hayabusa.io/openrec-image/user/8236662/823666191_202010211143.w90.ttl3600.png?format=png', 'l_icon_image_url': 'https://hayabusa.io/openrec-image/user/8236662/823666191_202010211143.w320.ttl3600.png?format=png', 'cover_image_url': 'https://hayabusa.io/openrec-image/user_background/8236662/823666191_202010211143.w210.ttl3600.png?format=png', 'l_cover_image_url': 'https://dqd0jw5gvbchn.cloudfront.net/user_background/8236662/823666191_202010211143.png', 'follows': 2, 'followers': 3677, 'is_premium': True, 'is_official': True, 'is_fresh': False, 'is_warned': False, 'is_team': False, 'is_league_yell': False, 'is_live': False, 'is_stats_hidden': False, 'live_views': 0, 'is_viewers_hidden': True, 'registered_at': '2020-10-19T20:34:04+09:00', 'last_updated_at': '2021-11-13T20:00:01+09:00', 'signed_in_with_facebook': None, 'signed_in_with_twitter': None, 'signed_in_with_google': None, 'signed_in_with_yahoo': None, 'signed_in_with_apple': None, 'user_status': 'special', 'is_creator': True, 'premium_start_at': None, 'premium_charge_type': None, 'premium_payment_status': None, 'has_ppv_permission': None, 'has_active_email_token': None, 'email': None, 'pending_email': None, 'twitter_screen_name': None, 'hidden_channels': None, 'has_confirmed_email': True, 'is_approved_account': True, 'blacklist_count': None, 'blacklist_limit': None}","{'name_color': '#F75D52', 'is_premium_hidden': False, 'is_official_hidden': False, 'is_subs_badge_hidden': False, 'is_subs_duration_hidden': False}",False,False,False,False,461884155,"[{'id': 1574, 'image_url': 'https://dqd0jw5gvbchn.cloudfront.net/badge/subscription/template/a9c440f7-c013-36a3-4484-3e412f520cc7.png', 'label': 'SS席', 'type': 'subscription', 'subscription': {'months': 13, 'tier': 2}}]",299,FES01,https://dqd0jw5gvbchn.cloudfront.net/yell/299/e40290c7cec606f0f867813e7a224bad976e2fac.gif,,,200,160,15,,himagine666,True,3758345,823668830,ヒマギネ,すやぴ,https://hayabusa.io/openrec-image/user/8236689/823668830.w90.ttl3600.v1603107532.png?format=png,https://hayabusa.io/openrec-image/user/8236689/823668830.w320.ttl3600.v1603107532.png?format=png,,,9,2,False,False,False,False,False,False,False,False,0,True,2020-10-19T20:38:52+09:00,,,,,,,bang,False,,,,,,,,,,True,True,,,1o8qe5j1g8k
23,612675,やあ、また会ったね。,2021-05-18T01:06:44+09:00,channel,"{'id': 299, 'name': 'FES01', 'image_url': 'https://dqd0jw5gvbchn.cloudfront.net/yell/299/e40290c7cec606f0f867813e7a224bad976e2fac.gif', 'image_url_small': '', 'animation_url': '', 'points': 200, 'yells': 160, 'ticker_seconds': 15, 'channel': None}","{'id': 'pon57599', 'registered_user_id': True, 'openrec_user_id': 533909, 'recxuser_id': 64520667, 'nickname': 'ぺろ', 'introduction': '', 'icon_image_url': '', 'l_icon_image_url': '', 'cover_image_url': '', 'l_cover_image_url': '', 'follows': 9, 'followers': 0, 'is_premium': False, 'is_official': False, 'is_fresh': False, 'is_warned': False, 'is_team': False, 'is_league_yell': False, 'is_live': False, 'is_stats_hidden': False, 'live_views': 0, 'is_viewers_hidden': True, 'registered_at': '2017-03-07T19:32:47+09:00', 'last_updated_at': None, 'signed_in_with_facebook': None, 'signed_in_with_twitter': None, 'signed_in_with_google': None, 'signed_in_with_yahoo': None, 'signed_in_with_apple': None, 'user_status': 'bang', 'is_creator': False, 'premium_start_at': None, 'premium_charge_type': None, 'premium_payment_status': None, 'has_ppv_permission': None, 'has_active_email_token': None, 'email': None, 'pending_email': None, 'twitter_screen_name': None, 'hidden_channels': None, 'has_confirmed_email': True, 'is_approved_account': True, 'blacklist_count': None, 'blacklist_limit': None}","{'id': 'sagara_mayu', 'registered_user_id': True, 'openrec_user_id': 3758330, 'recxuser_id': 823666191, 'nickname': '相良茉優のFUN！FAN！FACTORY', 'introduction': '毎週月曜日配信の相良茉優がファンと一緒に楽しいことを作っていく番組です！\n\n番組推奨ハッシュタグ「#さがらFFF」\n是非ハッシュタグを付けて番組や相良茉優について呟いてください！\n\n「Discord」にてサブスク限定コミュニティも運営中！\n以下より連携方法をご確認ください。\nhttps://openrecnext.amebaownd.com/posts/11101764\n\n▼サブスク特典\nA席\n①メンバー限定放送・アーカイブ見放題\n②(入会初月のみ)翌月10日頃にOPENRECポイント300Pt付与\n③お誕生日月にお名前入り写真プレゼント(集合)※Discordにて前月中に申し込みの必要あり\n\nS席\n①メンバー限定放送・アーカイブ見放題\n②S席・SS席限定オフショット写真プレゼント\n③限定サイン入りチェキを抽選でプレゼント\n④(入会初月のみ)翌月10日頃にOPENRECポイント500Pt付与\n⑤お誕生日月にお名前入り写真プレゼント(個別)※Discordにて前月中に申し込みの必要あり\n\nSS席\n①メンバー限定配信・アーカイブ見放題\n②オフショット写真プレゼント\n③限定サイン入りチェキを抽選でプレゼント\n④視聴者参加型企画参加権利(抽選)\n⑤オフショット動画見放題\n⑥S席・SS席限定オフショット\n⑦(入会初月のみ)翌月10日頃にOPENRECポイント800Pt付与\n⑧お誕生日月にお名前をお呼びしたお祝い動画をプレゼント！\n\u3000(※Discordにて前月までに申し込みの必要あり)\n\n■相良茉優プロフィール\n京都府出身。4月17日生まれ。Digital Double所属。\n「アイドルメモリーズ」梶原未来で初めてのメインキャラを演じ、声優として活動を始める。\n2017年「ラブライブ！虹ヶ咲学園スクールアイドル同好会」で中須かすみに抜擢され、\n同作品のスクールアイドルとして現在放送中のアニメやゲーム・ライブで活動中。\n他にも、アプリ「ひぐらしのなく頃に命」(公由一穂)、アプリ「マギアレコード 魔法少女まどか☆マギカ外伝」(広江ちはる)等、多数作品に出演。2020年春に短編映画「時々は、眠れない夜に」に初めて実写での出演を果たした。\n', 'icon_image_url': 'https://hayabusa.io/openrec-image/user/8236662/823666191_202010211143.w90.ttl3600.png?format=png', 'l_icon_image_url': 'https://hayabusa.io/openrec-image/user/8236662/823666191_202010211143.w320.ttl3600.png?format=png', 'cover_image_url': 'https://hayabusa.io/openrec-image/user_background/8236662/823666191_202010211143.w210.ttl3600.png?format=png', 'l_cover_image_url': 'https://dqd0jw5gvbchn.cloudfront.net/user_background/8236662/823666191_202010211143.png', 'follows': 2, 'followers': 3677, 'is_premium': True, 'is_official': True, 'is_fresh': False, 'is_warned': False, 'is_team': False, 'is_league_yell': False, 'is_live': False, 'is_stats_hidden': False, 'live_views': 0, 'is_viewers_hidden': True, 'registered_at': '2020-10-19T20:34:04+09:00', 'last_updated_at': '2021-11-13T20:00:01+09:00', 'signed_in_with_facebook': None, 'signed_in_with_twitter': None, 'signed_in_with_google': None, 'signed_in_with_yahoo': None, 'signed_in_with_apple': None, 'user_status': 'special', 'is_creator': True, 'premium_start_at': None, 'premium_charge_type': None, 'premium_payment_status': None, 'has_ppv_permission': None, 'has_active_email_token': None, 'email': None, 'pending_email': None, 'twitter_screen_name': None, 'hidden_channels': None, 'has_confirmed_email': True, 'is_approved_account': True, 'blacklist_count': None, 'blacklist_limit': None}","{'name_color': '#B6FF59', 'is_premium_hidden': False, 'is_official_hidden': False, 'is_subs_badge_hidden': False, 'is_subs_duration_hidden': False}",False,False,False,False,461882333,"[{'id': 1574, 'image_url': 'https://dqd0jw5gvbchn.cloudfront.net/badge/subscription/template/a9c440f7-c013-36a3-4484-3e412f520cc7.png', 'label': 'SS席', 'type': 'subscription', 'subscription': {'months': 13, 'tier': 2}}]",299,FES01,https://dqd0jw5gvbchn.cloudfront.net/yell/299/e40290c7cec606f0f867813e7a224bad976e2fac.gif,,,200,160,15,,pon57599,True,533909,64520667,ぺろ,,,,,,9,0,False,False,False,False,False,False,False,False,0,True,2017-03-07T19:32:47+09:00,,,,,,,bang,False,,,,,,,,,,True,True,,,1o8qe5j1g8k
